Event,Site,Date,Round,White,Black,Result,WhiteElo,BlackElo,ECO,Moves
Mar del Plata,Mar del Plata,1953.??.??,1,"Jauregui Andrade, Carlos","Bolbochan, Jacobo",0-1,,,E20,d2d4 g8f6 c2c4 e7e6 b1c3 f8b4 g2g3 c7c5 d4d5 f6e4 c1d2 b4c3 d2c3 e8g8 f1g2 e4c3 b2c3 e6e5 d5d6 b8c6 g1f3 f8e8 f3h4 a8b8 g2d5 d8f6 e2e4 c6d8 d1g4 g7g6 a1d1 g8h8 e1g1 b7b5 g4h3 d8e6 h3g4 b8b6 f2f4 e5f4 g3f4 f6c3 c4b5 b6d6 f1f3 c3g7 f3a3 a7a6 e4e5 d6b6 b5a6 c8a6 d5e6 b6e6 g4g5 a6c8 h4f3 f7f6 e5f6 e6f6 g5c5 f6f4 a3e3 e8f8 f3d4 g7f6 c5e5 f4g4 g1h1 c8b7
Mar del Plata,Mar del Plata,1953.??.??,1,"Wexler, Bernardo","Carvalho, Flavio",1/2-1/2,,,D41,d2d4 d7d5 c2c4 e7e6 g1f3 g8f6 b1c3 c7c5 c4d5 f6d5 e2e3 f8e7 f1c4 e8g8 e1g1 c5d4 e3d4 a7a6 d1e2 b8c6 f1d1 f8e8 f3e5 d5c3 b2c3 c6e5 e2e5 c8d7 c4b3 b7b5 d1d3 d7c6 d3h3 e7f6 e5h5 c6e4 c1f4 e4g6 h5e2 b5b4 a1d1 b4c3 h3c3 a8c8 c3c5 f6e7 c5c8 d8c8 d1c1 c8a8 c1c7 e7f6 f4e5 f6e5 e2e5 e8c8 f2f3 c8c7 e5c7
Mar del Plata,Mar del Plata,1953.??.??,1,"Najdorf, Miguel","Cuellar Gacharna, Miguel",1/2-1/2,,,D37,d2d4 g8f6 c2c4 e7e6 g1f3 d7d5 b1c3 f8e7 e2e3 e8g8 b2b3 f6e4 c1b2 c7c6 f1d3 f7f5 e1g1 b8d7 c3e2 e7d6 f3e5 d8c7 f2f4 d7f6 d1e1 c8d7 e1h4 d7e8 h2h3 d6e7 h4e1 e8h5 g1h1 c7d8 e2c3 d8e8 a2a3 e7d6 c3e2 h5e2 d3e2 f6h5 f1f3 h5f6 a3a4 g8h8 b2a3 d6a3 a1a3 e8e7 a3a2 f6d7 e2d3 a8d8 c4c5 g7g5 e5d7 d8d7 f4g5 e7g5 b3b4 f8g8 b4b5 e4g3 h1h2 d7g7 a2b2 g3e4 d3e4 d5e4 f3f4 g5d8 b5c6 b7c6 e1h4 d8b8
Mar del Plata,Mar del Plata,1953.??.??,1,"Maderna, Carlos","Ojanen, Kaarle Sakari",1/2-1/2,,,B24,e2e4 c7c5 b1c3 b8c6 g2g3 g7g6 f1g2 f8g7 d2d3 e7e6 g1e2 g8e7 c1e3 c6d4 d1d2 e8g8 c3d1 d7d5 c2c3 d4e2 d2e2 d5d4 e3g5 f7f6 g5d2 d4c3 b2c3 c8d7 a1b1 d7c6 e1g1 d8d7 d2e3 b7b6 d3d4 c5d4 e3d4 e6e5 d4e3 f8d8 c3c4 d7d3 e2d3 d8d3 b1b3 d3b3 a2b3 a8d8 d1c3 g7f8 c3d5 e7d5 e4d5 c6e8 f1a1 d8d7 g1f1 d7c7 f1e2 f8b4 a1d1 b4d6
Mar del Plata,Mar del Plata,1953.??.??,1,"Letelier, Rene","Pilnik, Herman",1-0,,,D71,d2d4 g8f6 c2c4 g7g6 b1c3 f8g7 g2g3 d7d5 f1g2 d5c4 d1a4 f6d7 d4d5 e8g8 a4c4 d7b6 c4h4 c7c6 d5c6 b8c6 g1f3 e7e5 c1g5 f7f6 g5h6 c8e6 h6g7 g8g7 e1g1 d8e7 f1d1 a8d8 f3e1 d8d4 d1d4 c6d4 e2e3 d4f5 h4e4 f8f7 a1d1 a7a6 e1c2 b6c4 b2b3 c4a3 c3d5 e7c5 c2a3 c5a3 e4c2 f5e7 d5c7 e6f5 e3e4 f5g4 d1d8 e7c6 c7e8 g7h6 d8d6 a3b4 c2c1 g6g5 h2h4 c6d4 c1g5
Mar del Plata,Mar del Plata,1953.??.??,1,"Bolbochan, Julio","Medina Garcia, Antonio Angel",1-0,,,E59,d2d4 g8f6 c2c4 e7e6 b1c3 d7d5 g1f3 f8b4 e2e3 e8g8 a2a3 b4c3 b2c3 c7c5 f1e2 d5c4 e2c4 d8c7 c4e2 b8c6 e1g1 f8d8 d1c2 e6e5 d4e5 c6e5 h2h3 b7b6 c3c4 c8b7 c1b2 e5d7 c2c3 d7f8 f1d1 f8e6 d1d8 a8d8 a1d1 d8d1 e2d1 c7c6 d1c2 h7h6 c3e5 f6d7 e5g3 c6c7 g3g4 a7a6 f3h4 d7f8 h4f5 f8g6 f5h6 g7h6 c2g6 f7g6 g4e6
Mar del Plata,Mar del Plata,1953.??.??,1,"Guimard, Carlos E","Rossetto, Hector",1-0,,,E72,d2d4 g8f6 c2c4 g7g6 b1c3 f8g7 e2e4 d7d6 g2g3 e8g8 f1g2 c7c5 g1e2 b8c6 e1g1 c5d4 e2d4 f6e4 d4c6 e4c3 c6d8 c3d1 d8b7 a8b8 f1d1 c8b7 g2b7 b8b7 a1b1 f8c8 b2b3 c8c4 c1e3 c4c2 d1c1 b7c7 c1c2 c7c2 a2a4 c2c7 b3b4 d6d5 b4b5 d5d4 b1c1 c7c1 e3c1 e7e5 c1a3 e5e4 a3c5 f7f5 c5a7 g8f7 g1f1 d4d3 a4a5 f7e6 a5a6 e6d7 a7e3 d7c8 b5b6 g7e5 f1e1 h7h5 h2h4 c8b8 e1d1 b8a8 d1c1 a8b8 c1b1 b8c8 b1a2 c8b8 a2b3 b8a8 b3c4 a8b8 c4d5
Mar del Plata,Mar del Plata,1953.??.??,1,"Gligoric, Svetozar","Shocron, Ruben",1-0,,,D52,d2d4 d7d5 g1f3 g8f6 c2c4 e7e6 b1c3 b8d7 c1g5 c7c6 e2e3 d8a5 c4d5 f6d5 d1d2 f8b4 a1c1 h7h6 g5h4 e6e5 f1d3 e8g8 e1g1 f8e8 e3e4 d5f4 d3b1 f4g6 h4g3 d7b6 a2a3 b4f8 b1a2 c8e6 a2e6 e8e6 d4e5 b6c4 d2e2 c4e5 f3e5 g6e5 f2f4 e5d7 e4e5 e6e8 c3e4 a8d8 g1h1 a5a4 g3h4 f8e7 h4e7 e8e7 c1d1 a4a5 e2d3 e7e8 e4d6 d7b6 d3b3
Mar del Plata,Mar del Plata,1953.??.??,1,"Eliskases, Erich Gottlieb","Trifunovic, Petar",1/2-1/2,,,D79,g1f3 g8f6 g2g3 g7g6 f1g2 f8g7 e1g1 e8g8 c2c4 c7c6 b1c3 d7d5 c4d5 c6d5 d2d4 b8c6 f3e5 e7e6 e5c6 b7c6 c3a4 f6d7 b2b3 c6c5 c1b2 c8a6 f1e1 a8c8 d4c5 g7b2 a4b2 c8c5 d1d2 d8c7 b2a4 c5c2 a1c1 f8c8 c1c2 c7c2 d2e3 c2a2 e3a7 a6b5 a7b7 c8b8 b7c7 a2b3 a4c3 b3c4 c3b5 c4b5 e1c1 g8g7 e2e4 d7f6 e4d5 e6d5 h2h3 b8e8 c7c3 b5b6 g2d5
Mar del Plata,Mar del Plata,1953.??.??,1,"Burgalat, Francisco","Steiner, Herman",0-1,,,D55,d2d4 d7d5 c2c4 e7e6 b1c3 g8f6 c1g5 f8e7 c4d5 f6d5 g5e7 d5e7 g1f3 e8g8 e2e3 b7b6 a1c1 c8b7 f1d3 b8d7 e1g1 e7g6 d3e4 c7c6 c3b5 d7f6 e4c6 b7c6 c1c6 d8d5 b5a7 a8a7 c6b6 a7a2 d1b3 d5b3 b6b3 f8c8 b3b7 h7h6 f1b1 f6e4 f3e1 c8a8 e1c2 e4d6 b7b6 d6c4 b6b4 a8c8 c2e1 c4d6 b4b6 d6e4 b1d1 e4f6 f2f3 a2a4 g1f2 c8d8 d1d3 f6d5 b6b7 f7f5 d3a3 d8a8 a3a4 a8a4 f2e2 f5f4 e3e4 d5e7 e1c2 g8f7 g2g3 a4a5 g3g4 f7f6 b7b6 f6f7 c2a3 a5a4 a3c2 a4c4 e2d3 c4c8 d3d2 g6h4 b6b3 c8d8 b3d3 e7c6 d2c3 d8c8 c3d2 c6a5 b2b3 f7e7 c2e1 c8b8 d2c2 a5c6 c2c3 e6e5 d4e5 c6e5 d3d2 b8c8
Mar del Plata,Mar del Plata,1953.??.??,2,"Rossetto, Hector","Wexler, Bernardo",1/2-1/2,,,A18,c2c4 g8f6 b1c3 e7e6 e2e4 d7d5 e4e5 d5d4 e5f6 d4c3 b2c3 d8f6 d2d4 b7b6 g1f3 h7h6 g2g3 c8b7 f1g2 f8d6 d1d3 b8d7 e1g1 a8b8 a1b1 e8g8 f3d2 b7g2 g1g2 f8d8 f2f4 f6f5 d2e4 d6e7 a2a4 g8h8 b1b5 c7c5 c1a3 e7f8 f1b1 b8c8 d3e2 a7a6 b5b2 c5d4 a3f8 d7f8 b2b6 d4d3 e2f3 d3d2 b1d1 f5a5 b6b7 f7f5 f3h5 c8c7 b7b2 a5a4 d1d2 d8d2 e4d2 a4a3 b2b8 a3e7 d2f3 c7b7 b8e8 e7f6 f3e5 h8h7 h5e2 b7e7 e8a8 f8d7 a8a6 d7c5 a6a8 e7b7 h2h4 g7g6 a8c8 f6e7 h4h5 g6g5 f4g5 h6g5 c8h8 h7g7 h5h6 g7f6 h8g8 c5e4 e5g4 f5g4 e2e4 b7b2 g2f1 e7f7 g8g7 f7h5 e4d4 f6f5 d4d3 f5e5 d3e3 e5f5 e3d3 f5e5 d3e3 e5f5
Mar del Plata,Mar del Plata,1953.??.??,2,"Ojanen, Kaarle Sakari","Pilnik, Herman",1/2-1/2,,,D29,d2d4 d7d5 c2c4 d5c4 g1f3 g8f6 e2e3 e7e6 f1c4 a7a6 b1c3 c7c5 e1g1 b7b5 c4b3 c8b7 d1e2 f8e7 f1d1 e8g8 e3e4 b5b4 d4d5 e6d5 c3d5 f6d5 b3d5 b7d5 d1d5 d8c8 f3e5 c8e6 c1f4 f7f6 e5c4 b8c6 e2d3 a8d8 c4e3 c6d4 d3c4 g8f7 a1e1 f8e8 f4g3 e7f8 f2f3 f7g8 d5d8 e8d8 c4e6 d4e6 e3c4 a6a5 g3f2 a5a4 g1f1 d8d3 f2e3
Mar del Plata,Mar del Plata,1953.??.??,2,"Trifunovic, Petar","Gligoric, Svetozar",1/2-1/2,,,D39,d2d4 g8f6 g1f3 d7d5 c2c4 e7e6 c1g5 f8b4 b1c3 d5c4 e2e4 c7c5 f1c4 c5d4 f3d4 d8a5 g5f6 b4c3 b2c3 a5c3 e1f1 c3c4 f1g1 e8g8 d1g4 g7g6 g4f4 b8d7 e4e5 d7f6 e5f6 g8h8 a1c1 e6e5 f4h6 c4c1 h6c1 e5d4 h2h4 c8f5
Mar del Plata,Mar del Plata,1953.??.??,2,"Steiner, Herman","Jauregui Andrade, Carlos",1-0,,,D50,d2d4 g8f6 c2c4 e7e6 b1c3 d7d5 c1g5 c7c6 e2e3 a7a6 d1c2 d5c4 f1c4 b7b5 c4e2 b8d7 g1f3 f8e7 e1g1 c8b7 f1d1 e8g8 a2a3 d8b6 f3e5 f8e8 b2b4 a6a5 e5d3 e7f8 d3c5 a8a7 e3e4 e8a8 a1b1 a5b4 a3b4 d7c5 d4c5 b6c7 d1d3 f6e8 b1d1 a7a1 g5c1 b7c8 f2f4 e6e5 f4f5 c7e7 c1b2 a1d1 c3d1 a8a4 c2c3 e8f6 d1f2 f6d7 e2d1 a4a7 d1b3 g8h8 f2g4 e7h4 h2h3 f7f6 b3e6 h4h5 g1h2 h5e8 c3d2 f8e7 d3g3 d7b8 e6b3 a7d7 d2e1 d7d8 b2e5 f6e5 g4e5 h7h6 b3f7 e7h4 f7e8 h4g3 e1g3
Mar del Plata,Mar del Plata,1953.??.??,2,"Shocron, Ruben","Letelier, Rene",0-1,,,C97,e2e4 e7e5 g1f3 b8c6 f1b5 a7a6 b5a4 g8f6 e1g1 f8e7 f1e1 b7b5 a4b3 d7d6 c2c3 c6a5 b3c2 c7c5 d2d4 d8c7 h2h3 e8g8 b1d2 c8d7 d2f1 f8c8 f1e3 e7f8 d1d3 g7g6 c1d2 a5c4 e3c4 b5c4 d3e2 c5d4 c3d4 c8e8 d2c3 f6h5 e2d2 f8g7 a1d1 a8a7 d4e5 d6e5 d2d7 c7d7 d1d7 a7d7 c2a4 d7d8 a4e8 d8e8 g2g3 f7f6 e1d1 g7f8 d1d7 e8c8 f3d2 c8c6 c3a5 f8h6 g1f1 h5g7 a5b4 g7e6 f1e1 h6f8 b4f8 e6f8 d7a7 f8e6 e1d1 e6c5 d2c4 c5e4 c4a5 e4f2 d1e1
Mar del Plata,Mar del Plata,1953.??.??,2,"Bolbochan, Jacobo","Najdorf, Miguel",0-1,,,E69,d2d4 g8f6 c2c4 g7g6 g2g3 f8g7 f1g2 e8g8 g1f3 d7d6 e1g1 b8d7 b1c3 e7e5 e2e4 e5d4 f3d4 f8e8 f1e1 c7c6 h2h3 a7a5 c1e3 d7c5 d1c2 a5a4 a1d1 f6d7 f2f4 d8a5 e3f2 a5b4 a2a3 b4a5 c3b1 d7f6 b1d2 c8d7 e1e2 e8e7 d1e1 a8e8 d2f1 h7h5 f1h2 d7c8 h2f1 g7h6 f4f5 g8h7 f1h2 a5c7 h3h4 c7a5 f5g6 f7g6 d4f3 c5b3 f2e3 h6g7 f3g5 h7g8 g2f3 f6d7 g1h1 d7e5 f3g2 a5a6 e3f4 b3d4 c2d1 d4e2 e1e2 a6c4 g2f1 c4b3 e2c2 g8h8 f4e5 g7e5 f1c4 b3g3 c2g2 g3h4 g5f3 h4f6 f3g5 d6d5 c4e2 e5f4 d1g1 f4g5 g2g5 c8g4
Mar del Plata,Mar del Plata,1953.??.??,2,"Medina Garcia, Antonio Angel","Eliskases, Erich Gottlieb",0-1,,,C07,e2e4 e7e6 d2d4 d7d5 b1d2 c7c5 g1f3 c5d4 e4d5 d8d5 f1c4 d5d6 e1g1 g8f6 d2b3 b8c6 d1e2 f8e7 f1d1 e6e5 c4b5 c8g4 b3a5 e8g8 a5b7 d6c7 e2c4 g4f3 g2f3 a8c8 b5c6 c7c6 c4c6 c8c6 c2c3 d4c3 b2c3 f8b8 b7a5 c6c3 c1e3 a7a6 a1b1 b8b1 d1b1 h7h6 b1b8 g8h7 b8b7 f6d5 a5b3 f7f5 b7d7 c3d3 e3d2 e7g5 d2g5 d3d1 g1g2 h6g5
Mar del Plata,Mar del Plata,1953.??.??,2,"Maderna, Carlos","Burgalat, Francisco",1-0,,,A16,c2c4 g8f6 g2g3 g7g6 f1g2 f8g7 b1c3 e8g8 d2d3 d7d6 c1g5 b8d7 d1c1 c7c6 a1b1 f8e8 b2b4 d7f8 b4b5 d8c7 b5c6 b7c6 g1f3 c8d7 e1g1 e7e5 f3d2 f8e6 d2e4 e6g5 c1g5 f6e4 c3e4 h7h6 e4f6 g7f6 g5f6 d7g4 f2f3 g4f5 f6h4 g8g7 f3f4 e5f4 h4f4 e8e5 e2e4 f5c8 d3d4 e5e7 f4f6 g7g8 e4e5 e7e6 e5d6 e6d6 f6e5 c8e6 f1f6 a8d8 c4c5 d6d7 f6e6 f7e6 e5e6 g8h7 g2e4 d8g8 e4c6 d7e7 e6e7 c7e7 b1b7 g8g7 b7e7 g7e7 g1f2 h7g7 f2f3 g7f6 c6e4 f6e6 h2h4 e7f7 f3e3 g6g5 h4g5 h6g5 e4c2 f7f1 c2b3 e6e7 d4d5 f1g1 d5d6 e7d7 e3d4 g1g3 b3d5 g3g1 d4e5 g1e1 d5e4 g5g4 c5c6
Mar del Plata,Mar del Plata,1953.??.??,2,"Cuellar Gacharna, Miguel","Guimard, Carlos E",0-1,,,A90,d2d4 e7e6 c2c4 f7f5 g1f3 g8f6 g2g3 f8b4 c1d2 b4e7 f1g2 e8g8 b1c3 d7d5 e1g1 c7c6 d1b3 g8h8 a1d1 d8e8 d2f4 b8d7 f3e5 d7e5 f4e5 f6g4 e2e3 b7b6 f1e1 c8a6 c4d5 c6d5 f2f3 g4e5 d4e5 a6c4 b3c2 a8c8 g2f1 e7b4 f1c4 c8c4 d1d3 e8b8 f3f4 f8c8 c2b3 b4c3 d3c3 c4c3 b2c3 b8c7 e1c1 c7c5 g1f2 c5a5 c1c2 c8c4 f2f3 a5c5 h2h3 b6b5 g3g4 f5g4 h3g4 g7g5 f4g5 c4e4 c2e2 c5f8 f3g3 f8f1
Mar del Plata,Mar del Plata,1953.??.??,2,"Carvalho, Flavio","Bolbochan, Julio",1/2-1/2,,,D25,d2d4 d7d5 g1f3 g8f6 c2c4 d5c4 e2e3 g7g6 f1c4 f8g7 b1c3 e8g8 h2h3 f6d7 e1g1 d7b6 c4b3 a7a5 e3e4 c8d7 a2a3 a5a4 b3a2 b8c6 c1e3 c6a5 d1e2 c7c6 a1c1 a5b3 c1d1 d7e6 d4d5 c6d5 e3b6 d8b6 e4d5 e6f5 g2g4 f5d7 e2e7 a8d8 f3e5 d7b5 f1e1 d8e8 e7b4 g7e5 c3b5 e5b2 a2b3 a4b3 a3a4 b2e5 b4b3 e5g7 e1e3 f7f5 e3g3 e8a8 d5d6
Mar del Plata,Mar del Plata,1953.??.??,3,"Burgalat, Francisco","Ojanen, Kaarle Sakari",0-1,,,A91,d2d4 f7f5 c2c4 e7e6 g2g3 g8f6 f1g2 f8e7 b1c3 e8g8 d4d5 e6e5 g1f3 d7d6 e1g1 d8e8 e2e3 e8h5 c1d2 f6g4 h2h3 g4h6 f3h2 h5g6 e3e4 f5f4 g3g4 b8d7 b2b4 h6f7 f2f3 h7h5 g1f2 d7f6 f1g1 c7c6 f2e2 c8d7 d2e1 f8c8 d1d3 c8c7 e1f2 c6d5 c4d5 a8c8 a1c1 h5g4 h3g4 a7a6 e2d2 c7c4 a2a3 f7g5 d3b1 g6h6 g1h1 f6e4 f3e4 f4f3 h2f3 g5f3 d2e2 h6d2 e2f1 c4c3
Mar del Plata,Mar del Plata,1953.??.??,3,"Letelier, Rene","Trifunovic, Petar",1/2-1/2,,,B50,e2e4 c7c5 g1f3 d7d6 c2c3 g8f6 f1d3 b8c6 d3c2 c8g4 d2d3 e7e6 b1d2 f8e7 d2f1 c6e5 h2h3 e5f3 g2f3 g4h5 c2a4 e8f8 f1g3 e6e5 c1g5 h5g6 f3f4 e5f4 g5f4 h7h5 f2f3 f6d7 e1g1 d7b6 a4c2 e7g5 d1d2 g5f4 d2f4 d8e7 a1d1 e7e5 f4e5 d6e5 h3h4 f8e7 f3f4 e5f4 g3e2 f7f6 e2f4 g6f7 c2b3 f7b3 a2b3 h8h6 g1h2 b6d7 d3d4 a8c8 d1d2 c5d4 c3d4 d7b6 d2g2 c8g8 f1g1 h6h7 g1a1 a7a6 a1a5 g8d8 g2d2 e7f7 h2g3 g7g6 g3f3 h7h8 f3e3 b6c8 a5c5 d8d7 e4e5 f6e5 d4e5 d7d2 e3d2 h8d8 d2e2 c8e7 c5c7 f7e8 c7b7 d8d4 e2f3 e7f5 f4g6 f5h4 g6h4 d4h4 b3b4 h4c4 b2b3 c4d4 f3e3 d4g4 e3d3 h5h4 d3c3 g4e4 b7h7 e8d8 e5e6 e4e6 h7h4 d8c7
Mar del Plata,Mar del Plata,1953.??.??,3,"Najdorf, Miguel","Steiner, Herman",1-0,,,D30,d2d4 d7d5 c2c4 c7c6 g1f3 e7e6 g2g3 f8d6 f1g2 b8d7 d1c2 g8e7 e2e4 d5c4 e4e5 d6b4 c1d2 b4d2 b1d2 e8g8 d2c4 d7b6 e1g1 e7f5 f1d1 b6d5 c4d2 d8e7 d2e4 f8d8 a2a3 c8d7 g2h3 b7b6 a1c1 g8h8 d1e1 d8g8 e4d6 f5h6 c2d2 a8f8 h3g2 f7f5 d2g5 h6f7 g5e7 d5e7 f3d2 f7d8 b2b4 g7g5 a3a4 g8g7 b4b5 h7h5 c1c2 f8g8 e1c1 c6b5 a4b5 d8f7 c2c7 f7d6 e5d6 e7d5 g2d5 e6d5 c7a7 d7b5 a7g7 h8g7 c1b1 b5e2 b1b6 f5f4 g1g2 g8d8 g3f4 g5f4 d2b3 g7f6 f2f3 d8a8 b3c5 h5h4 d6d7 f6f5 b6d6 e2c4 d7d8q a8a2 g2g1 a2a1 g1f2 a1f1 f2g2 h4h3 g2h3 f1f3 h3h4
Mar del Plata,Mar del Plata,1953.??.??,3,"Bolbochan, Julio","Rossetto, Hector",1/2-1/2,,,E65,g1f3 g8f6 c2c4 g7g6 g2g3 f8g7 f1g2 e8g8 e1g1 d7d6 b1c3 c7c5 d2d4 b8c6 d4c5 d6c5 c1e3 d8a5 e3d2 c8f5 c3d5 a5d8 d2c3 f5e4 f3h4 e4g2 h4g2 f6h5 d1b3 g7c3 b2c3 c6a5 b3b5 e7e6 d5f4 h5f4 g2f4 d8c7 a1d1 f8d8 d1d3 d8d3 e2d3 a8d8 h2h4 b7b6 f1e1 c7d7 b5b2 a5c6 b2e2 h7h5 e2e4 g8g7 g1h2 d7d6 a2a4 c6e7 h2g1 e7f5 e4e5 d6e5 e1e5 g7f6 e5e1 f5e7 e1d1 e6e5 f4g2 e5e4 d3d4 c5d4 c3d4 e7c6 d4d5 c6a5 g2e3 f6e5 c4c5 b6c5 d1b1 a7a6 b1b6 d8d6 b6b8 e5d4 g3g4 d6d7 g4h5 g6h5 b8a8 a5c4 e3c4 d4c4 a8a6 d7d5 a6a8 f7f5 a4a5 f5f4 a5a6 d5d1 g1g2 d1a1 a6a7 a1a2 g2f1 f4f3 f1g1 c4c3 a8c8 a2a7 c8c5 c3d3 c5b5 a7a1 g1h2 a1f1 b5b2 d3d4 h2g3 f1g1 g3h3 d4d3 b2a2 g1g8 h3h2 g8g7 h2h3 g7g6 h3h2 d3c3 h2h3 g6g4 a2a5 c3d4 a5a3 g4g6 a3b3 d4e5 b3b8 e5d4 b8b3 g6g8
Mar del Plata,Mar del Plata,1953.??.??,3,"Wexler, Bernardo","Cuellar Gacharna, Miguel",0-1,,,E42,d2d4 g8f6 c2c4 e7e6 b1c3 f8b4 e2e3 c7c5 g1e2 f6e4 f2f3 e4c3 e2c3 b8c6 d4d5 c6e5 f3f4 e5g6 f1e2 b4c3 b2c3 d8f6 e1g1 e6e5 f4f5 g6e7 e3e4 d7d6 c1e3 e7g8 d1e1 c8d7 a1b1 e8c8 e1c1 f6e7 c1b2 d7e8 a2a4 c8b8 a4a5 b8a8 b2b3 h7h6 b3c2 g8f6 g2g4 f6h7 e3f2 h6h5 g4h5 g7g6 f2g3 g6h5 f5f6 e7f8 c2d2 f8g8 e2h5 h7g5 h5f3 g5f3 f1f3 e8d7 f3f2 g8g6 d2e1 h8h4 f2e2 d8h8 b1b3 h4f4 e1b1 d7h3 e2e1 f4f3
Mar del Plata,Mar del Plata,1953.??.??,3,"Guimard, Carlos E","Bolbochan, Jacobo",1-0,,,D70,d2d4 d7d5 g1f3 g8f6 c2c4 c7c6 e2e3 g7g6 f1e2 f8g7 e1g1 e8g8 c4d5 c6d5 b1c3 b7b6 c1d2 c8b7 d1a4 a7a6 f1c1 f6d7 a4b3 e7e6 c3a4 a8a7 c1c2 f8e8 a1c1 g7f8 d2b4 b6b5 a4c5 b7a8 c5d7 b8d7 b4f8 e8f8 b3b4 d7b6 h2h4 b6c4 b2b3 c4d6 h4h5 g8g7 f3e5 d8b8 b4a5 d6b7 a5e1 b7d6 f2f4 b8d8 e2d3 d6e4 c2c8 d8e7 d3e4 f8c8 h5h6 g7h6 c1c8 d5e4 c8g8
Mar del Plata,Mar del Plata,1953.??.??,3,"Pilnik, Herman","Shocron, Ruben",1/2-1/2,,,C88,e2e4 e7e5 g1f3 b8c6 f1b5 a7a6 b5a4 g8f6 e1g1 f8e7 f1e1 b7b5 a4b3 e8g8 a2a4 b5b4 d2d4 d7d6 c2c3 c8g4 d4d5 c6a5 c3b4 a5b3 d1b3 f6d7 f3d2 g4h5 d2f1 h5g6 f1g3 f7f5 e4f5 g6f5 g3f5 f8f5 b1d2 d8f8 d2e4 f8f7 c1e3 e7h4 b3d3 a8f8 e1e2 d7f6 e4f6 f5f6 a1f1 f6g6 d3e4 h4g5 e3g5 g6g5 e2c2 h7h5 f2f3 g5g4 e4e2 g4b4 e2a6 f7d5 c2c7 d5d4 g1h1 b4a4 a6b7 e5e4 b7b3 g8h7 f1d1 a4b4 d1d4 b4b3 d4e4 b3b2 h2h3 f8f6 c7e7 f6g6 e4e2 b2b1 h1h2 b1b3 e2d2 b3b5 e7d7 b5g5 h3h4 g5a5 d7d6 g6d6 d2d6 a5a2 h2h3 a2b2 g2g4 h5g4 h3g4 b2g2 g4f4 g2g1 d6d5 h7h6 d5g5 g1h1 g5g4 h1h3 f4e4 g7g6 e4f4 h6h7
Mar del Plata,Mar del Plata,1953.??.??,3,"Eliskases, Erich Gottlieb","Carvalho, Flavio",1-0,,,B85,e2e4 c7c5 g1f3 b8c6 d2d4 c5d4 f3d4 g8f6 b1c3 d7d6 f1e2 e7e6 e1g1 a7a6 g1h1 f8e7 f2f4 d8c7 e2f3 c8d7 d4b3 a8c8 a2a4 e8g8 c1e3 c6a5 e4e5 f6e8 b3a5 c7a5 c3e2 d7c6 f3c6 c8c6 e2d4 c6c8 d1g4 a5d5 g4g3 d5e4 e3f2 d6e5 f4e5 e8c7 a1e1 e4g6 g3b3 c8b8 c2c4 e7c5 d4f5 e6f5 f2c5 f8c8 c5d6 b7b6 b3d3 b8b7 f1f5 c7e6 e1f1 b7d7 b2b4 a6a5 d3e3 a5b4 e3b6 c8c4 b6b5 c4c2 f5f2 c2f2 f1f2 g6e4 h1g1 e4e1 f2f1 e1e3 g1h1 e3a7 b5b4 d7d8 f1b1 h7h6 h2h3 d8a8 b4e4 a8c8 h1h2 a7a6 b1b4 a6f1 h3h4 g7g6 b4b1 f1f2 d6e7 c8c3 e7f6 g8h7 h4h5 e6f4 h5g6 f4g6 e4g4 c3c7 b1b8 f2f4 g4f4 g6f4 g2g4 f4g6 a4a5 c7a7 b8b5 g6f8 f6h4 f8d7 h4f2 a7a8 f2d4 h7g6 h2g3 d7f8 b5b6 f8e6 a5a6 h6h5 a6a7
Mar del Plata,Mar del Plata,1953.??.??,3,"Gligoric, Svetozar","Medina Garcia, Antonio Angel",1-0,,,D38,d2d4 g8f6 c2c4 e7e6 g1f3 d7d5 b1c3 f8b4 c4d5 e6d5 c1g5 h7h6 g5f6 d8f6 a1c1 f6d6 a2a3 b4a5 d1a4 b8c6 f3e5 a5b6 e2e3 e8g8 e5d3 c8d7 a4d1 c6e7 f1e2 a8d8 e1g1 c7c6 g2g3 e7g6 e2f3 f7f5 c3e2 b6c7 f1e1 d7c8 d1d2 g6h8 f3g2 h8f7 f2f4 d6e6 e2c3 c7b8 d2e2 f7d6 d3e5 d6e4 b2b4 a7a6 a3a4 g7g5 b4b5 b8e5 f4e5 a6b5 a4b5 c8d7 c3e4 d5e4 g3g4 f5f4 g2e4 f4e3 h2h3 f8f2 e2e3 e6a2 e3f2
Mar del Plata,Mar del Plata,1953.??.??,3,"Jauregui Andrade, Carlos","Maderna, Carlos",0-1,,,D63,d2d4 g8f6 c2c4 e7e6 b1c3 d7d5 c1g5 f8e7 e2e3 e8g8 a1c1 b8d7 g1f3 c7c6 a2a3 h7h6 g5h4 a7a6 f1d3 d5c4 d3c4 b7b5 c4a2 c6c5 e1g1 c8b7 d1e2 d8b6 f1d1 f8e8 a2b1 a8c8 f3e5 c5c4 f2f4 a6a5 g1h1 b5b4 c3a4 b6b5 b2b3 b4a3 e5d7 f6d7 h4e7 e8e7 e2c2 f7f5 b3c4 b5b4 d4d5 e6d5 c4c5 e7e4 d1d4 e4d4 e3d4 b4d4 c2f5 d7f8 f5c2 b7c6 a4b6 c8e8 b1a2 d4b2 h2h3 e8e1 c1e1 b2c2
Mar del Plata,Mar del Plata,1953.??.??,4,"Maderna, Carlos","Najdorf, Miguel",1/2-1/2,,,D71,d2d4 g8f6 c2c4 g7g6 g2g3 f8g7 f1g2 d7d5 c4d5 f6d5 e2e4 d5b4 a2a3 b4c6 d4d5 c6d4 b1c3 c7c5 c3e2 e7e5 e2d4 c5d4 g1h3 a7a5 e1g1 e8g8 c1g5 f7f6 g5d2 b8a6 f2f4 c8d7 f4e5 f6e5 f1f8 g7f8 d1f3 a5a4 a1f1 d8e8 h3f2
Mar del Plata,Mar del Plata,1953.??.??,4,"Medina Garcia, Antonio Angel","Letelier, Rene",1-0,,,C86,e2e4 e7e5 g1f3 b8c6 f1b5 a7a6 b5a4 g8f6 e1g1 b7b5 a4b3 f8e7 d2d4 d7d6 c2c3 e8g8 d1e2 f6d7 f1d1 e7f6 c1e3 c6a5 b3c2 a5c4 e3c1 d8e7 a2a4 c8b7 b2b3 c4b6 a4a5 b6c8 d4d5 c7c5 b1d2 g7g6 d2f1 f6g7 f1e3 f7f5 h2h4 f5f4 e3g4 h7h6 g2g3 d7f6 g4h2 f4g3 f2g3 f6h5 g1g2 f8f7 d1f1 e7f8 c1e3 c8e7 f3d2 h5f4 g3f4 e5f4 e3f2 g7c3 d2f3 g6g5 h4g5 h6g5 g2h1 f8h6 f3g5 f7g7 g5e6 c3a1 f1a1 g7h7 a1g1 g8h8 f2e1 e7d5 e6g5 h7g7 e4d5 b7d5 c2e4 a8e8 e1c3
Mar del Plata,Mar del Plata,1953.??.??,4,"Ojanen, Kaarle Sakari","Shocron, Ruben",1/2-1/2,,,E24,d2d4 g8f6 c2c4 e7e6 b1c3 f8b4 a2a3 b4c3 b2c3 c7c5 f2f3 b8c6 e2e4 d7d6 g1e2 e6e5 a1a2 e8g8 c1g5 c6a5 e2g3 h7h6 g5c1 c5d4 c3d4 c8e6 d4d5 e6d7 c1e3 b7b6 a2b2 a8c8 b2b4 f6e8 g3f5 d7f5 e4f5 e8c7 g2g4 c7a6 b4a4 a6c5 a4b4 d8f6 h2h4 c5a6 b4a4 c8c7 f1d3 e5e4 d3e4 f6c3 e1f2 c3b2 d1e2 b2e2 f2e2 a6c5 a4b4 f8e8 e3f4 a5b7 h1c1 c5e4 f3e4 e8e4 e2f3 c7e7 c1c3 e4e1 b4b2 f7f6 b2f2 g8f7 f4g3 e7c7 f2e2 e1e2 f3e2 f7e7 c3e3 e7d7 e3e4 b7c5 e4e3 c7b7 g3e1 b6b5 c4b5 b7b5 e2f3 b5b1 f3e2 b1b5 e2f3 c5a4 f3e4 b5c5 e3b3 c5c1 e1f2 c1c7 b3b8 a4c5 f2c5 d6c5 b8g8 d7d6 g8d8 d6e7 d8g8 e7d6
Mar del Plata,Mar del Plata,1953.??.??,4,"Rossetto, Hector","Eliskases, Erich Gottlieb",1/2-1/2,,,C14,e2e4 e7e6 d2d4 d7d5 b1c3 g8f6 c1g5 f8e7 e4e5 f6d7 g5e7 d8e7 d1g4 f7f5 e5f6 d7f6 g4h4 c7c5 g1f3 b8c6 d4c5 e7c5 e1c1 c8d7 f1d3 c5b4 h4g3 e8g8 h1e1 a8e8 a2a3 b4g4 g3g4 f6g4 d1d2 a7a6 h2h3 g4f6 f3e5 c6e5 e1e5 d7c6 d3f1
Mar del Plata,Mar del Plata,1953.??.??,4,"Burgalat, Francisco","Jauregui Andrade, Carlos",0-1,,,A95,d2d4 f7f5 c2c4 e7e6 g2g3 g8f6 g1f3 f8e7 f1g2 e8g8 b1c3 d7d5 e1g1 c7c6 b2b3 b8d7 c1b2 f6e4 d1d3 d8e8 a1d1 e8h5 f3d2 d7f6 f2f3 e4c3 b2c3 f5f4 g3f4 e7d6 e2e3 g7g5 f1f2 h5h4 g2f1 g5f4 e3e4 d6e7 e4e5 f6h5 f2g2 g8h8 d2b1 h5g7 d3d2 c8d7 f1d3 d7e8 g1h1 e8h5 d2f2 h4h3 b1d2 e7h4 f2g1 f8g8 d1f1 g7f5 d3f5 h3f5 f1c1 h5g6 g1f1 g8g7 f1e2 f5h5 c1g1 a8g8 g2g4 h4g3 d2f1 g6e4 g1g3 f4g3 f1g3 g7g4
Mar del Plata,Mar del Plata,1953.??.??,4,"Trifunovic, Petar","Pilnik, Herman",1/2-1/2,,,D58,d2d4 d7d5 g1f3 g8f6 c2c4 e7e6 b1c3 f8e7 c1g5 e8g8 e2e3 h7h6 g5h4 b7b6 f1d3 c8b7 e1g1 b8d7 d1e2 c7c5 f1d1 c5d4 f3d4 d7e5 h4f6 e7f6 c4d5 e5d3 e2d3 e6d5 d1d2 a8c8 a1d1 f8e8 d4e2 f6e5 d3b5 d8f6 b5a4 e5b8 a4d7 b7c6 d7g4 c8d8
Mar del Plata,Mar del Plata,1953.??.??,4,"Steiner, Herman","Guimard, Carlos E",1/2-1/2,,,D53,d2d4 g8f6 c2c4 e7e6 b1c3 d7d5 c1g5 f8e7 g1f3 e8g8 a1c1 c7c6 d1b3 b8d7 e2e3 f6e4 g5e7 d8e7 f1e2 f7f5 e1g1 g8h8 c3e4 f5e4 f3d2 d7f6 f2f3 e4f3 e2f3 f8d8 b3c3 c8d7 e3e4 d7e8 c4d5 e6d5 c1e1 e7d7 e4d5 c6d5 e1e5 d7d6 f1e1 e8c6 a2a3 a8c8 c3e3 c6d7 h2h3 d8f8 e3b3 d7c6 b3e3 c6d7 f3d1 d6b6 b2b4 a7a5 d1f3 a5b4 e1b1 f8e8 b1b4 e8e5 e3e5 b6c6 b4c4 c6e6 e5e6 d7e6 c4c8 e6c8 g1f2 h8g8 f2e3 g8f7 e3f4 f7e7 d2f1 e7d6 f1e3 c8e6 g2g4 f6g8 f3d1 g8e7 d1a4 h7h6 h3h4 g7g5 h4g5 e7g6 f4f3 h6g5 e3g2 g6e7 g2e1 e7c6 a4c6 d6c6 f3g3 c6b5 e1f3 b5c4 f3g5 e6g4 g3g4 c4d4
Mar del Plata,Mar del Plata,1953.??.??,4,"Cuellar Gacharna, Miguel","Bolbochan, Julio",1/2-1/2,,,D76,d2d4 g8f6 c2c4 g7g6 g2g3 f8g7 f1g2 e8g8 g1f3 d7d5 c4d5 f6d5 e1g1 d5b6 b1c3 b8c6 e2e3 a7a5 b2b3 f8e8 c1b2 a5a4 c3a4 b6a4 b3a4 d8d6 f3g5 d6b4 g2c6 b7c6 d1b3 b4b3 a2b3 c8f5 e3e4 f5g4 f2f3 g4d7 e4e5 e8b8 b2a3 f7f6 g5e4 f6e5 a3e7 e5d4 e7f6 d7e6 f6g7 g8g7 f1d1 a8a5 d1d4 b8b3 a1e1 a5d5 d4c4 b3f3 c4c6 d5e5 c6c7 f3f7 c7f7 e6f7 g1f2 f7b3 e4c3 e5c5 e1e3 c5a5 e3e7 g7h6 h2h4 b3a4 c3e4 a5f5 f2e3 a4b3 e4g5 b3g8 g3g4 f5g5 h4g5 h6g5 e3f3 g5f6 e7e8 g8f7 e8f8 g6g5 f8b8 h7h5 b8b6 f6g7 g4h5 f7h5 f3e4 h5g6 e4e5 g6f7
Mar del Plata,Mar del Plata,1953.??.??,4,"Carvalho, Flavio","Gligoric, Svetozar",0-1,,,E67,d2d4 g8f6 c2c4 g7g6 b1c3 f8g7 g2g3 e8g8 f1g2 d7d6 g1f3 b8d7 e1g1 e7e5 h2h3 c7c6 d4e5 d6e5 c1e3 d8e7 d1b3 f6h5 c3e4 f7f5 c4c5 g8h8 e3g5 h5f6 e4f6 d7f6 b3e3 e5e4 f3d2 c8e6 f1d1 f8e8 d2b3 e7f8 b3d4 e6f7 e3a3 f6d5 e2e3 h7h6 g5f4 d5f4 g3f4 e8d8 b2b4 f7d5 a1b1 f8f7 d1d2 g6g5 b1d1 g5f4 e3f4 d8g8 a3e3 f7g6 d4e2 g7f6 e2g3 h6h5 h3h4 f6h4 g1h2 h4g3 f2g3 g8g7 g2h3 a8g8 d1g1 g6f6 d2g2 d5e6 a2a3 e6c4 g1c1 c4d3 c1g1 g8d8 g2d2 g7d7 g1d1 d7d5 d1c1 h8g7 h2g1 g7g6 g1f2 d8d7 h3g2 a7a5 f2e1 a5b4 a3b4 d5d4 d2b2 d4c4
Mar del Plata,Mar del Plata,1953.??.??,4,"Bolbochan, Jacobo","Wexler, Bernardo",1/2-1/2,,,D65,d2d4 d7d5 g1f3 g8f6 c2c4 e7e6 b1c3 f8e7 c1g5 b8d7 e2e3 e8g8 a1c1 a7a6 c4d5 e6d5 f1d3 c7c6 d1c2 f8e8 e1g1 d7f8 a2a3 f6e4 g5e7 d8e7 d3e4 d5e4 f3d2 c8f5 f1e1 f8d7 c3a4 a8d8 d2f1 d7f6 c2c5 f6d5 c5e7 e8e7 f1g3 f5c8 a4c3 f7f5 c3d5 d8d5 c1c5 d5c5 d4c5 g8f7 e1d1 e7d7
Mar del Plata,Mar del Plata,1953.??.??,5,"Letelier, Rene","Carvalho, Flavio",1-0,,,E48,d2d4 g8f6 c2c4 e7e6 b1c3 f8b4 e2e3 c7c5 f1d3 b8c6 g1e2 d7d5 a2a3 c5d4 e3d4 d5c4 d3c4 b4e7 e1g1 e8g8 d1d3 b7b6 f1d1 c8b7 c1g5 f6d5 g5d2 e7g5 c3d5 e6d5 c4a2 g5f6 a1c1 f8e8 d2e3 c6e7 e2g3 g7g6 d3b3 e7c8 e3f4 c8d6 b3f3 d6e4 g3e4 e8e4 c1c7 e4e7 c7b7 e7b7 a2d5 a8b8 d5b7 b8b7 f3b7
Mar del Plata,Mar del Plata,1953.??.??,5,"Pilnik, Herman","Medina Garcia, Antonio Angel",1-0,,,C75,e2e4 e7e5 g1f3 b8c6 f1b5 a7a6 b5a4 d7d6 c2c3 c8d7 e1g1 g8e7 d2d4 e7g6 d1e2 f8e7 d4e5 d6e5 f1d1 d8c8 c1e3 e8g8 a4c2 f7f5 e4f5 d7f5 c2f5 c8f5 e2c4 g8h8 b1d2 a8e8 c4e4 f5h5 d2f1 g6f4 f1g3 h5g4 g1h1 h7h5 f3g1 e7d6 h2h3 g4e6 d1e1 g7g5 g1f3 e6h6 g3f5 h6f6 e3f4 g5f4 f5d6 c7d6 a1d1 f8g8 e1e2 g8g7 e2d2 e8e6 c3c4 f6g6 e4g6 g7g6 d1e1 b7b6 b2b3 h8g7 h3h4 e6e8 f3g5 g7f8 g2g3 f4g3 f2g3 f8e7 e1f1 e7d7 g5e4 d7e7 d2f2 e7d8 h1h2 b6b5 f2f6 e8e6 f6f8 e6e8 f1f6 e8f8 f6g6 b5c4 g6d6 d8c7 b3c4 f8f2 e4f2 c7d6 f2e4 d6e6 e4c5 e6d6 c5a6 e5e4 h2g2 c6e5 c4c5 d6d5 g2f2 d5d4 f2e2 d4d5 a6c7 d5c5 e2e3
Mar del Plata,Mar del Plata,1953.??.??,5,"Najdorf, Miguel","Burgalat, Francisco",1-0,,,E18,c2c4 g8f6 g1f3 e7e6 g2g3 b7b6 f1g2 c8b7 e1g1 f8e7 d2d4 e8g8 b1c3 f6e4 d1c2 e4c3 b2c3 d8c8 d4d5 b8a6 f3d4 a6c5 f2f4 f7f5 c1a3 f8f7 a1d1 a7a6 e2e3 g7g6 g3g4 f5g4 e3e4 b6b5 c4b5 a6b5 a3b4 e6d5 e4d5 a8a6 f4f5 c8a8 f5g6 h7g6 f1f7 g8f7 d1f1 f7g7 c2e2 e7d6 e2g4 a6a2 d4f5 g7h7 g4h4 h7g8 f5h6 g8h7 h6f7 h7g7 h4h6 g7g8 h6h8
Mar del Plata,Mar del Plata,1953.??.??,5,"Guimard, Carlos E","Maderna, Carlos",1/2-1/2,,,D40,d2d4 g8f6 g1f3 e7e6 c2c4 d7d5 b1c3 c7c5 e2e3 b8c6 a2a3 c5d4 e3d4 f8e7 f1d3 d5c4 d3c4 e8g8 e1g1 b7b6 c1e3 c8b7 c4a2 a8c8 a1c1 c6a5 f3e5 f6d5 c3d5 b7d5 c1c8 d8c8 a2d5 e6d5 d1a4 e7d6 f1c1 c8e6 b2b4 d6e5 b4a5 e5d6
Mar del Plata,Mar del Plata,1953.??.??,5,"Shocron, Ruben","Trifunovic, Petar",1/2-1/2,,,C53,e2e4 e7e5 g1f3 b8c6 f1c4 f8c5 c2c3 d7d6 a2a4 a7a6 d2d3 g8f6 b1a3 c8e6 e1g1 c5a3 c4e6 f7e6 a1a3 e8g8 d1e2 d8e8 b2b4 e8h5 b4b5 c6d8 f1e1 d8f7 d3d4 e5d4 f3d4 h5e2 e1e2 f8e8 f2f3 f7e5 a3a2 e5c4 g1f2 f6d7 d4b3 d7e5 e2c2 c7c6 f2e2 d6d5 b3c5 c6b5 a4b5 a8c8 c5b7 a6b5 c1f4 e8e7 b7a5 c4a5 a2a5 e5c6 a5a2 b5b4 a2b2 e6e5 f4d2 d5e4 f3e4 e7c7 c2c1 b4c3 c1c3 c6d4 e2d3 c7c3 d2c3 c8d8 d3e3 d4c6 b2b5 d8e8 b5c5 e8e6
Mar del Plata,Mar del Plata,1953.??.??,5,"Wexler, Bernardo","Steiner, Herman",1/2-1/2,,,D02,d2d4 d7d5 g1f3 e7e6 g2g3 f8d6 f1g2 f7f5 e1g1 g8e7 c2c4 c7c6 b2b3 b8d7 c1a3 d6a3 b1a3 e7g6 e2e3 d8e7 a3c2 e8g8 c4d5 e6d5 c2e1 d7f6 e1d3 f6e4 a1c1 c8d7 f3e5 g6e5 d3e5 f8f6 d1c2 a8f8 f2f3 e4d6 f3f4 d7e8 a2a4 g8h8 h2h4 a7a6 f1e1 f6h6 c2c5 f8g8 b3b4 h6e6 g2f1 h7h6 f1d3
Mar del Plata,Mar del Plata,1953.??.??,5,"Jauregui Andrade, Carlos","Ojanen, Kaarle Sakari",0-1,,,E70,d2d4 g8f6 c2c4 g7g6 b1c3 f8g7 e2e4 d7d6 g1e2 e8g8 e2g3 c7c5 d4d5 e7e6 f1e2 e6d5 e4d5 b8a6 e1g1 a6c7 c1g5 h7h6 g5f4 g8h8 d1d2 f6g8 g3e4 c7e8 c3b5 g6g5 e4d6 g5f4 d6e8 f8e8 d5d6 e8e5 a1d1 c8e6 b2b3 g8f6 e2f3 f6e4 d2f4 d8g5 g2g3 a7a6 b5c7 a8d8 d6d7 e6d7 h2h4 g5f4 g3f4 e5e7 c7d5 e7e8 d5c7 e8g8 f3e4 g7e5 g1h1 e5c7 e4b7 g8g4 d1d3 d7c6
Mar del Plata,Mar del Plata,1953.??.??,5,"Bolbochan, Julio","Bolbochan, Jacobo",1/2-1/2,,,D68,d2d4 g8f6 c2c4 e7e6 b1c3 d7d5 c1g5 f8e7 e2e3 e8g8 g1f3 b8d7 a1c1 c7c6 f1d3 d5c4 d3c4 f6d5 g5e7 d8e7 e1g1 d5c3 c1c3 e6e5 d1b1 e5d4 e3d4 d7b6 f1e1 e7f6 c4b3 c8e6 b3e6 f7e6 b1e4 a8e8 c3b3 e8e7 e4e5 f6e5 e1e5
Mar del Plata,Mar del Plata,1953.??.??,5,"Gligoric, Svetozar","Rossetto, Hector",1/2-1/2,,,D66,d2d4 g8f6 c2c4 e7e6 g1f3 d7d5 b1c3 f8e7 c1g5 b8d7 e2e3 h7h6 g5h4 e8g8 a1c1 c7c6 f1d3 d5c4 d3c4 b7b5 c4e2 a7a6 a2a4 c8b7 e1g1 b5b4 c3b1 c6c5 b1d2 a8c8 d2c4 c5d4 f3d4 d7c5 a4a5 f6e4 h4e7 d8e7 f2f3 e4f6 c4b6 c8c7
Mar del Plata,Mar del Plata,1953.??.??,5,"Eliskases, Erich Gottlieb","Cuellar Gacharna, Miguel",1-0,,,D12,d2d4 d7d5 g1f3 g8f6 e2e3 c8f5 c2c4 e7e6 b1c3 c7c6 f1d3 f5d3 d1d3 f8b4 e1g1 b8d7 c1d2 e8g8 c3d5 f6d5 c4d5 b4d2 d5e6 d2a5 e6d7 d8d7 f1d1 a5c7 a1c1 d7e7 d4d5 c6d5 d3d5 f8d8 d5c4 a8c8 d1d8 c8d8 g2g3 c7b6 g1g2 h7h6 a2a4 e7d6 b2b4 a7a5 b4a5 b6a5 c4b5 b7b6 f3d4 g7g6 d4c6 d8a8 e3e4 d6a3 c1d1 a3c5 d1d8 a8d8 c6d8 c5e7 b5d5 a5c3 d8c6 e7b7 h2h4 h6h5 g2g1 c3g7 e4e5 g7e5 d5d8 g8g7 c6e5 b7e4 d8c7 e4e1 g1g2 e1e4 g2h2 e4f5 f2f4
Mar del Plata,Mar del Plata,1953.??.??,6,"Cuellar Gacharna, Miguel","Gligoric, Svetozar",0-1,,,E67,d2d4 g8f6 c2c4 g7g6 g2g3 f8g7 f1g2 e8g8 b1c3 d7d6 g1f3 b8d7 e1g1 e7e5 b2b3 c7c6 d4e5 d6e5 d1c2 f8e8 c1b2 e5e4 f3g5 e4e3 f2f4 d7c5 a1d1 d8b6 c2c1 c8f5 c1a1 f6g4 h2h3 g4f2 g3g4 f2d1 c3d1 g7b2 a1b2 f5d7 f4f5 e8f8 f5f6 h7h6 g5e4 c5e4 g2e4 a8e8 b2c2 g8h7 d1c3 d7c8 e4g2 b6d4 c3e4 e8d8 c4c5 d8d5 a2a3 a7a5 c2b1 f8d8 b3b4 a5b4 a3b4 c8e6 e4d6 d8d6 c5d6 d5d6 b4b5 e6d5 b5c6 b7c6 g2d5 c6d5 b1b3 d4e5 f1f3 d6e6 h3h4 d5d4 g4g5 h6g5 h4g5
Mar del Plata,Mar del Plata,1953.??.??,6,"Bolbochan, Jacobo","Eliskases, Erich Gottlieb",1/2-1/2,,,A92,d2d4 e7e6 c2c4 f7f5 g2g3 g8f6 f1g2 f8e7 g1f3 e8g8 e1g1 d7d5 b1d2 d8e8 e2e3 e8h5 f3e5 h5d1 f1d1 b8d7 d2f3 c7c6 b2b3 d7e5 f3e5 f6d7 e5d7 c8d7 c1b2 a7a5 a2a4 e7b4 b2a3 b4a3 a1a3
Mar del Plata,Mar del Plata,1953.??.??,6,"Medina Garcia, Antonio Angel","Shocron, Ruben",0-1,,,B08,e2e4 d7d6 d2d4 g8f6 b1c3 g7g6 g1f3 f8g7 c1f4 c7c5 d4c5 d8a5 f1b5 c8d7 b5d7 b8d7 c5d6 f6e4 e1g1 e4c3 b2c3 e7e5 f4g5 f7f6 g5e3 e8g8 c3c4 b7b6 f3d2 a5b4 c4c5 d7c5 a1b1 b4c3 d1f3 a8d8 f3d5 f8f7 d2c4 c5d7 f2f4 d8c8 f4e5 d7e5 d6d7 c8d8 f1f4 e5c4 f4e4 c4e5
Mar del Plata,Mar del Plata,1953.??.??,6,"Carvalho, Flavio","Pilnik, Herman",0-1,,,E87,d2d4 g8f6 c2c4 g7g6 f2f3 c7c5 d4d5 e7e5 e2e4 d7d6 f1d3 f8g7 g1e2 e8g8 b1c3 f6h5 c1e3 f7f5 d1d2 f5f4 e3f2 b8a6 a2a3 c8d7 c3b5 d7e8 b2b4 b7b6 e2c1 a6c7 b4c5 b6c5 a1b1 f8f7 b5c7 d8c7 e1e2 g7f6 c1a2 g6g5 h2h3 f6d8 b1b2 a8b8 h1b1 b8b6 a2c3 c7b8 b2b6 a7b6 a3a4 f7a7 d3c2 h5f6 d2d3 h7h5 c3b5 a7g7 d3a3 g5g4 h3g4 h5g4 b1h1 g4f3 g2f3 f6h5 e2e1 h5g3 h1h2 e8b5 a4b5 g7a7 a3b2 b8a8 f2g3 f4g3 h2g2 a7a2 b2c1 a8a5 c1d2 a5d2 e1d2 d8g5 d2e1 g8f7 e1f1 a2a1 f1e2
Mar del Plata,Mar del Plata,1953.??.??,6,"Burgalat, Francisco","Guimard, Carlos E",0-1,,,D40,d2d4 e7e6 g1f3 c7c5 e2e3 g8f6 c2c4 d7d5 f1d3 b8c6 b1c3 d5c4 d3c4 a7a6 e1g1 b7b5 c4e2 c5d4 e3d4 f8e7 a2a3 e8g8 b2b4 c8b7 c1e3 a8c8 d1d2 c6b8 f3e5 f6d5 c3d5 b7d5 a1c1 d8b6 e2h5 c8c1 f1c1 b6b7 d2c2 e7d6 f2f4 g7g6 h5f3 d5f3 e5f3 a6a5 f3e5 a5b4 a3b4 b7d5 c2c3 f8d8 c1a1 g8g7 a1a3 h7h6 c3e1 b8c6 e5c6 d5c6 e1h4 c6c7 f4f5 g6g5 e3g5 h6g5 h4g5 g7f8 a3h3 f8e8 f5e6 f7e6 g5b5 d8d7 h3h8 d6f8 b5c5 c7c5 d4c5 d7b7 h8h4 b7b4 h4h5 b4c4 g1f2 f8c5 f2f3 c5d6 h5h7 e6e5 h2h3 e5e4 f3e2 d6c5 h7h5 e8d7 h5d5 d7e6 d5g5 e4e3
Mar del Plata,Mar del Plata,1953.??.??,6,"Jauregui Andrade, Carlos","Najdorf, Miguel",0-1,,,E86,d2d4 g8f6 c2c4 g7g6 b1c3 f8g7 e2e4 e8g8 c1e3 d7d6 f2f3 b8d7 d1d2 e7e5 g1e2 c7c6 a1d1 f8e8 d4d5 c6c5 g2g4 h7h5 h2h3 a7a6 a2a4 f6h7 b2b3 g7f6 h1g1 h7g5 e1f2 h5h4 f1g2 d7f8 a4a5 f8h7 c3a4 f6e7 b3b4 f7f5 f2e1 f5e4 f3e4 c5b4 d2b4 e8f8 d1d3 g5f3 e1d1 f3g1 e3g1 c8d7 a4b6 a8b8 b4e1 d7e8 e2c3 d8c7 g1f2 f8f7 e1d2 h7f6 d1e1 f6d7 c3a4 d7b6 a4b6 e7d8 f2e3 c7e7 d3b3 e7f6 b3b1 e8d7 b1b3 d8c7 b3b2 b8f8 e3g5 f6h8 g5h6 c7b6 b2b6 f7f2 d2g5 h8f6 g5f6 f8f6 b6d6 f6f7 d6d7 f2g2 d7d8 g8h7 h6g5 g2g4 h3g4 h4h3 g5f6 f7f6 d8d7 h7h6 d7b7 f6f4 e1d2 f4e4 d2c3 e4d4 b7e7 d4d1 e7e8 h6g7 e8e7 g7h6 e7e8 h6g5 e8e5 g5g4 e5e4 g4f3 e4h4 f3g3 h4h6 h3h2 d5d6 d1d6 c3b4 g3g2 b4c5 d6f6 c5d5 h2h1q h6h1 g2h1 c4c5 g6g5 c5c6 g5g4
Mar del Plata,Mar del Plata,1953.??.??,6,"Maderna, Carlos","Wexler, Bernardo",1/2-1/2,,,D38,c2c4 e7e6 b1c3 d7d5 d2d4 f8b4 c4d5 e6d5 g1f3 g8f6 c1g5 h7h6 g5f6 d8f6 d1b3 f6d6 e2e3 e8g8 f1e2 c7c6 e1g1 b4a5 c3a4 b8d7 a1c1 a5c7 b3c2 d6e7 e2d3 g7g6 b2b4 a7a6 f1e1 f7f5 c2b3 d7f6 a4c3 f6e4 a2a4 c7d6 c3a2 g6g5 e1e2 g5g4 d3e4 f5e4 f3d2 c8e6 d2f1 h6h5 b4b5 a6b5 a4b5 a8a3 b3b1 e6d7 a2c3 f8a8 e2a2 a3a2 c3a2 h5h4 a2c3 e7f7 b5c6 b7c6 b1c2 h4h3 c2e2 h3g2 g1g2 d6b4 g2g1 a8a3 e2b2 f7e7 f1g3 a3a8 c1a1
Mar del Plata,Mar del Plata,1953.??.??,6,"Ojanen, Kaarle Sakari","Trifunovic, Petar",0-1,,,E51,d2d4 g8f6 c2c4 e7e6 b1c3 f8b4 e2e3 e8g8 g1f3 d7d5 a2a3 b4c3 b2c3 c7c5 c4d5 f6d5 c3c4 d5f6 d1c2 c5d4 e3d4 c8d7 f1e2 b7b5 c4c5 d7c6 e1g1 c6e4 c2c3 b8c6 c1e3 f6d5 c3c1 a8b8 f3e5 d8c7 e5c6 c7c6 c1d2 e4g2 f1e1 d5e7 e3f4 b8b7 f4d6 g2d5 d2c3 f8c8 d6e7 b7e7 e1b1 e6e5 e2b5 c6g6 c3g3 g6e4 f2f3 e4d4 g3f2 d4f2 g1f2 c8c5 b5d3 g7g6
Mar del Plata,Mar del Plata,1953.??.??,6,"Steiner, Herman","Bolbochan, Julio",0-1,,,E81,d2d4 g8f6 c2c4 g7g6 b1c3 f8g7 e2e4 d7d6 f2f3 e8g8 c1g5 c7c5 d4d5 e7e6 d1d2 e6d5 c3d5 c8e6 d5c3 b8c6 a1d1 a7a6 d2f4 c6e5 f4h4 f8e8 g1h3 h7h6 g5h6 f6e4 h4d8 e8d8 h6g7 e4c3 g7e5 c3d1 e5f6 d1e3 f6d8 a8d8 b2b3 e6h3 g2h3 d6d5 c4d5 d8d5 f1e2 e3f5 e2c4 d5d6 e1e2 b7b5 c4d3 f5d4 e2e3 f7f5 h1c1 d6e6 e3f2 e6c6 h3h4 g8f7 f2e3 f7f6 c1g1 d4e6 f3f4 c6d6 d3e2 d6d4 h4h5 d4e4 e3d2 e6f4 e2f3 e4d4 d2e3 f4h5 g1c1 f5f4 e3e2 c5c4 b3c4 b5c4 f3b7 a6a5 b7a6 d4d3 c1c4 d3h3 c4a4 h3h2 e2f3 h2h3 f3f2 f6g5 a6b7 g5h4 a4a5 g6g5 b7e4 h3e3 a5a4 h5f6 e4f3 f6g4 f3g4 h4g4 a4a8 e3h3 a2a4 h3h2 f2g1 h2a2 a8a5 g4h4
Mar del Plata,Mar del Plata,1953.??.??,6,"Rossetto, Hector","Letelier, Rene",1-0,,,D94,d2d4 d7d5 g1f3 g8f6 c2c4 c7c6 e2e3 g7g6 b1c3 f8g7 f1e2 e8g8 e1g1 d5c4 e2c4 b8d7 e3e4 b7b5 c4d3 e7e5 d4e5 f6g4 d3e2 d7c5 d1c2 c5e6 f1d1 d8c7 g2g3 a7a5 e2f1 a5a4 c3e2 c7b6 e2f4 a4a3 a1b1 a3b2 c2b2 e6f4 c1f4 c8e6 b1a1 a8a4 h2h3 a4e4 h3g4 e6g4 f1g2 g6g5 f4g5 g4f3 g2f3 g7e5 b2d2 e4d4 g5e3 d4d2 e3b6 d2c2 a1c1 c2a2 f3c6 b5b4 d1d5 e5c3 d5g5 g8h8 c1c3 b4c3 b6d4 f7f6 c6d5 a2a6 d4c3 a6d6 g5f5 d6a6 g3g4 h7h6 g1g2 h8g7 c3d2 f8d8 f5h5 d8h8 d5e4 a6e6 f2f3 e6b6 g2g3 b6d6 d2f4 d6a6 h5c5 a6a7 g3h4 a7d7 h4h5 d7a7 c5b5 a7d7 b5b7 d7b7 e4b7 h8d8 f4h6 g7f7 g4g5 f6g5 h6g5 d8d1 h5g4 d1d7 b7e4 d7d4 g4f5 d4d7 g5f6 d7d2 f3f4 d2d7 e4f3 f7f8 f5e6 d7a7 f3d5 a7a6 e6e5 a6a5 f4f5 f8e8 f6g7 a5a7 f5f6 a7c7 e5e6 c7e7 e6f5 e7c7 f5g6
Mar del Plata,Mar del Plata,1953.??.??,7,"Eliskases, Erich Gottlieb","Steiner, Herman",1/2-1/2,,,A84,d2d4 d7d5 g1f3 c7c6 c2c4 e7e6 b1c3 f7f5 c1f4 f8d6 e2e3 g8e7 h2h4 e7g6 f4d6 d8d6 h4h5 g6e7 h5h6 g7g6 f3g5 e7g8 a1c1 g8f6 f2f4 b8d7 c4c5 d6e7 f1e2 e8g8 d1a4 f6e4 c3e4 f5e4 g2g4 e6e5 d4e5 d7e5 a4d4 e5g4 d4g7 e7g7 h6g7 g8g7 h1h7 g7g8 e2g4 c8g4 h7b7 a8b8 b7b8 f8b8 b2b3 g8g7 e1f2 g7f6 f2g3 g4h5 g3h4 b8b5 g5h7 f6g7 h7g5 g7f6 g5h7 f6g7
Mar del Plata,Mar del Plata,1953.??.??,7,"Pilnik, Herman","Rossetto, Hector",1-0,,,C15,e2e4 e7e6 d2d4 d7d5 b1c3 f8b4 f1d3 c7c5 e4d5 d8d5 c1d2 d5d4 g1f3 d4d8 e1g1 g8f6 a2a3 b4a5 d1e2 b8c6 a1d1 d8e7 d2g5 a5c3 b2c3 c8d7 c3c4 a8d8 c2c3 d7c8 f1e1 h7h6 g5c1 b7b6 f3d2 c8b7 d2f1 e7c7 f1g3 c6e7 f2f4 e8g8 d3c2 d8d1 e1d1 f8d8 d1f1 b7c8 h2h3 e7f5 e2f2 f5g3 f2g3 c8a6 g3h4 a6c4 f1f3 c4e2 f3g3 f6h5 g3e3 e2d1 c2d3 h5f4 e3g3 d8d3 c1f4 c7d8 g3g7 g8g7 h4h6 g7g8 f4e5 f7f6 e5f6 d8f6 h6f6 d3d6 f6e7
Mar del Plata,Mar del Plata,1953.??.??,7,"Wexler, Bernardo","Burgalat, Francisco",0-1,,,E14,d2d4 g8f6 g1f3 d7d5 c2c4 e7e6 b1c3 f8e7 e2e3 e8g8 f1d3 b8d7 b2b3 b7b6 e1g1 c8b7 c4d5 e6d5 c1b2 c7c5 f3e5 f8e8 f2f4 f6e4 d3b5 e4c3 b2c3 b7c8 b5c6 d7e5 d4e5 c8a6 f1f3 d5d4 e3d4 c5d4 c3d4 a6e2 d1e2 d8d4 g1h1 d4a1 f3f1 a1c3 c6a8 e8a8 f4f5 a8d8 f5f6 g7f6 e5e6 c3d3 e6f7 g8f7 e2h5 d3g6 h5e2 d8d5 f1e1 d5e5 e2c4 f7g7 e1f1 g6e4 c4c3 e5g5 c3d2 e7d6 f1d1 d6f4 d2d7 g7h6
Mar del Plata,Mar del Plata,1953.??.??,7,"Trifunovic, Petar","Medina Garcia, Antonio Angel",1/2-1/2,,,D54,d2d4 g8f6 c2c4 e7e6 b1c3 d7d5 c1g5 f8e7 e2e3 e8g8 a1c1 h7h6 g5h4 b7b6 c4d5 f6d5 c3d5 e6d5 h4e7 d8e7 f1e2 c8e6 e2f3 c7c5 g1e2 b8d7 d4c5 d7e5 e2f4 b6c5 f4d5 e7g5 c1c5 f8c8 c5c8 a8c8 f3e4 e5d3 e4d3 e6d5 h1g1 d5a2 d1d2 g5h5 h2h3 g7g6 f2f3 h5h4 e1e2 h4g3 d2b4 a2e6 h3h4 c8b8 b4d4 h6h5 b2b4 g3c7 g1a1 b8d8 a1a7 d8d4 a7c7 d4b4 e3e4 b4b2 c7c2 b2b3 d3c4 e6c4 c2c4 g8g7 e2f2 b3b2 f2g1 b2a2 g1h2 a2b2 h2g3 b2e2 c4c1 g7f6 c1f1 e2a2 f1f2 a2a4 f2d2 f6e5 d2b2 a4a5 b2b7 e5f6 g3f4 a5a2 g2g3 a2a3 b7b6 f6g7 b6d6 a3b3 d6d1 g7f6 d1e1 b3a3 e1e3 a3a1 e3b3 a1g1 b3b5 g1e1 b5b6 f6g7 b6a6 e1e2 e4e5 e2e1 a6a2 g7f8 a2a3 f8g7 a3e3 e1g1 e3e2 g7h6 e2e4 h6g7 f4e3 g1g2 e4f4 g7g8 f4c4 g8f8 e3f4 g2e2 g3g4 h5g4 f3g4 e2f2 f4g5 f2e2 g5h6 e2e5 c4c8 f8e7
Mar del Plata,Mar del Plata,1953.??.??,7,"Shocron, Ruben","Carvalho, Flavio",1-0,,,B56,e2e4 c7c5 g1f3 d7d6 d2d4 c5d4 f3d4 g8f6 b1c3 e7e5 f1b5 b8d7 d4f5 a7a6 b5d7 d8d7 c1g5 f6e4 f5g7 f8g7 c3e4 d6d5 e4f6 g7f6 g5f6 h8g8 e1g1 e5e4 f2f3 d7c6 d1d4 c8h3 f1f2 e4f3 a1e1 h3e6 d4b4 e8d7 b4e7 d7c8 f2f3 g8e8 e7b4 c8d7 f6h4 a6a5 b4d4 c6c4 d4f6 a8a6 f3b3 b7b5 b3c3 c4g4 h2h3 g4g6 f6e5 a6c6 c3d3 c6c8 h4g3 d7c6 e5c3 c6b6 g3f2 d5d4 c3d4
Mar del Plata,Mar del Plata,1953.??.??,7,"Bolbochan, Julio","Maderna, Carlos",1-0,,,D41,d2d4 g8f6 c2c4 e7e6 b1c3 d7d5 g1f3 c7c5 c4d5 c5d4 d1d4 e6d5 e2e4 d5e4 d4d8 e8d8 f3g5 c8e6 g5e6 f7e6 f1c4 b8d7 c4e6 f8b4 e1e2 h8e8 e6d7 d8d7 h1d1 d7e6 c3b5 a8c8 c1e3 a7a6 b5d4 e6f7 a1c1 g7g6 d4b3 c8c1 d1c1 b4d6 h2h3 d6e5 b3c5 e8e7 b2b3 e5d6 c5a4 f6d5 a4b6 d5b6 e3b6 d6f4 c1c4 h7h5 b6e3 f4b8 e3c5 e7e5 b3b4 f7e6 e2e3 e6f5 c4d4 e5e8 d4d5 f5f6 c5d4 f6f7 d5d7 e8e7 d7e7 f7e7 e3e4 e7e6 g2g4 h5g4 h3g4 b8d6 d4c5 d6e5 c5d4 e5d6 d4c3 d6e7 f2f4 e7f8 f4f5 g6f5 g4f5 e6d6 b4b5 d6c5 b5a6 b7a6 f5f6 c5c6 e4f5 c6d7 f5g6 f8e7 f6f7 d7e6 g6g7 e7d6 a2a4 d6a3 g7g8 a3d6 c3g7 d6c5 g7f8 c5e3 f8b4 e3h6 b4c3
Mar del Plata,Mar del Plata,1953.??.??,7,"Najdorf, Miguel","Ojanen, Kaarle Sakari",1-0,,,D15,d2d4 d7d5 c2c4 c7c6 g1f3 g8f6 b1c3 d5c4 e2e4 b7b5 e4e5 f6d5 a2a4 c8b7 e5e6 f7f6 g2g3 d8d6 f1h3 b8a6 e1g1 g7g6 f3h4 e8c8 d1e2 f6f5 a4b5 d5c3 b2c3 c6b5 c1f4 d6b6 e2e5 h8g8 f1b1 f8g7 e5b5 b6b5 b1b5
Mar del Plata,Mar del Plata,1953.??.??,7,"Letelier, Rene","Cuellar Gacharna, Miguel",0-1,,,E69,d2d4 g8f6 c2c4 g7g6 b1c3 f8g7 g2g3 e8g8 f1g2 d7d6 g1f3 b8d7 e1g1 e7e5 e2e4 c7c6 h2h3 e5d4 f3d4 f8e8 c1e3 d7c5 d1c2 a7a5 a1d1 a5a4 d4e2 d8e7 e3c5 d6c5 c3a4 f6e4 a4b6 c8f5 g2e4 f5e4 c2b3 a8d8 e2f4 g7d4 b6a4 b7b5 a4c3 b5c4 b3c4 e4f5 g1h2 d8b8 d1d2 b8b4 c4e2 d4e5 f4g2 b4h4 g2h4 e7h4 h2g1 h4h3 f1e1 e8e6 e2f1 h3h5 d2e2 f5g4 e2e4 e5d4 f1g2 g4f3 g2h2 d4f2
Mar del Plata,Mar del Plata,1953.??.??,7,"Guimard, Carlos E","Jauregui Andrade, Carlos",1/2-1/2,,,E69,d2d4 g8f6 g1f3 g7g6 c2c4 f8g7 g2g3 e8g8 f1g2 d7d6 e1g1 b8d7 b1c3 e7e5 e2e4 c7c6 h2h3 d8a5 c1e3 e5d4 e3d4 d7c5 f3d2 c5e6 d4e3 f6d7 d2b3 a5b4 a1c1 b4c4 d1d6 d7e5 f1d1 c4a6 g2f1 b7b5 d6b4 e5c4 b3c5 a6a5 b4a5 c4a5 b2b3 f8e8 f1g2 a5b7 c5e6 c8e6 c3e2 a8c8 e4e5 g7e5 c1c6 e6h3 c6c8 h3c8 g2c6 e8e7 c6b5 c8g4 f2f4 e5c7 e3a7 b7d6 a7c5 g4e2 b5e2 e7e2 c5d6 c7d6 d1d6 e2a2 g1f1 a2b2 d6d3 h7h5 f1e1 g8g7 e1d1 g7f6 d1c1 b2f2
Mar del Plata,Mar del Plata,1953.??.??,7,"Gligoric, Svetozar","Bolbochan, Jacobo",1-0,,,E26,d2d4 g8f6 c2c4 e7e6 b1c3 f8b4 e2e3 c7c5 a2a3 b4c3 b2c3 b8c6 f1d3 b7b6 g1e2 c6a5 e3e4 c8a6 e4e5 f6g8 e2g3 a6c4 g3e4 d7d5 e5d6 c4d3 d1d3 c5c4 d3g3 e8f8 c1g5 d8d7 e1g1 a8e8 a1e1 h7h6 g5f4 a5c6 h2h4 c6d8 e4d2 d7c6 d6d7 c6d7 d2c4 f7f6 f4d6 g8e7 e1e4 f8g8 d6e7 e8e7 f1e1 h6h5 c4b2 d7c7 g3f3 h8h6 c3c4 g8h7 d4d5 f6f5 e4e2 h6f6 b2d3 g7g6 d3f4 e6e5 f3c3 d8f7 f4e6 f6e6 d5e6 e7e6 e2d2 e6c6 e1d1 c6c4 c3b2 c7c5 d2d5 c5c8 d5d7 c4c7 b2b5 h7g8 g1h2 a7a6 d7d8
Mar del Plata,Mar del Plata,1953.??.??,8,"Ojanen, Kaarle Sakari","Medina Garcia, Antonio Angel",1-0,,,E95,c2c4 g8f6 d2d4 g7g6 b1c3 f8g7 e2e4 d7d6 g1f3 e8g8 f1e2 e7e5 e1g1 b8d7 f1e1 c7c6 e2f1 f6g4 h2h3 g4h6 c1g5 f7f6 g5e3 h6f7 d1b3 d8e7 a1d1 f8e8 c4c5 d6c5 d4d5 g8h8 d5c6 b7c6 c3a4 f7d8 b3c3 d8e6 d1c1 g7f8 f3d2 f6f5 e4f5 g6f5 d2b3 f8g7 a4c5 e5e4 c3c2 d7e5 c5e6 e7e6 b3d4 e6g6 g1h1 c8b7 d4e2 g6f7 e2f4 e8d8 f1e2 d8d6 e1d1 a8d8 d1d6 d8d6 e3a7 f7a2 a7c5 d6d7 f4h5 g7h6 c2c3 a2e6 e2c4 e6e8 h5f6 e8d8
Mar del Plata,Mar del Plata,1953.??.??,8,"Jauregui Andrade, Carlos","Wexler, Bernardo",0-1,,,E19,d2d4 g8f6 c2c4 e7e6 g1f3 b7b6 g2g3 c8b7 f1g2 f8e7 e1g1 e8g8 b1c3 f6e4 d1c2 e4c3 c2c3 b7e4 f1d1 c7c6 g2h3 d7d5 f3e5 e7d6 f2f3 e4g6 e2e4 c6c5 e5g6 c5d4 c3c2 h7g6 c4d5 e6d5 e4d5 b8d7 g1h1 d6c5 b2b4 c5b4 d1d4 a8c8 d4c4 c8c4 c2c4 d8f6 a1b1 f6f3 h3g2 f3d1 c4f1 d1f1 g2f1 b4c5 c1g5 d7e5 f1b5 f7f6 g5f4 g6g5 f4d2 f8d8 b5a4 g8f8 a4b3 f8e7 h1g2 e7d6 b1e1 b6b5 h2h4 g5h4 g3h4 e5c4 e1d1 d8e8 d2f4 d6d7 g2f3 c4e5 f3g3 e5g6 h4h5 g6f4 g3f4 e8e5 d1h1 d7d6 h1h2 a7a5 a2a4 b5a4 b3a4 d6d5 a4b3 d5d4 b3d1 d4d3 h2g2 c5e3 f4f3 e5f5 f3g3 f5g5 g3f3 g5g2 f3g2 d3d2
Mar del Plata,Mar del Plata,1953.??.??,8,"Steiner, Herman","Gligoric, Svetozar",0-1,,,E67,d2d4 g8f6 c2c4 g7g6 g2g3 f8g7 f1g2 e8g8 g1f3 d7d6 e1g1 b8d7 b1c3 e7e5 d4e5 d6e5 d1c2 c7c6 b2b3 f8e8 c1b2 d7c5 a1d1 d8c7 b3b4 c8f5 c2c1 c5d7 f3d2 a7a5 b4b5 d7c5 d2b3 f6d7 b2a3 g7f8 h2h3 c5b3 a2b3 d7c5 e2e4 f5d7 c1b2 d7e6 g1h2 a8d8 b2b1 d8d1 f1d1 e8d8 d1d8 c7d8 a3c1 d8d3 b1d3 c5d3 c1e3 f8c5 b5c6 b7c6 c3a4 c5e3 f2e3 g8f8 g2f3 f8e7 f3e2 d3f2 e2f3 f2h3 a4c5 h3g5 h2g2 e6c8 g2f2 h7h5 f3g2 f7f6 f2e2 e7d6 c5a4 c8g4 e2d2 g5e6
Mar del Plata,Mar del Plata,1953.??.??,8,"Rossetto, Hector","Shocron, Ruben",1-0,,,E43,d2d4 g8f6 c2c4 e7e6 b1c3 f8b4 g1f3 c7c5 a2a3 b4c3 b2c3 e8g8 e2e3 b7b6 f1d3 c8b7 e1g1 d8c7 c1b2 d7d6 f3d2 b8d7 f2f4 d6d5 d1c2 a8c8 a1e1 f8e8 c2b1 c7c6 c4d5 e6d5 f1f2 c5c4 d3c2 b6b5 d2f3 c6d6 b2c1 a7a6 f3e5 f6e4 c2e4 d5e4 a3a4 d7b6 a4b5 f7f6 e5c6 b7c6 b5c6 b6d5 b1a1 d6c6 f2a2 c6b7 c1a3 b7b3 a3c5 b3c3 a1c3 d5c3 a2c2 c3d5 c2c4 c8c6 c4c1 e8b8 f4f5 b8b2 c1b1 b2b1 e1b1 h7h5 b1b8 g8h7 g1f2 g7g6 b8d8 d5c3 d8d7 h7g8 f5g6 f6f5 g6g7 c3d1 f2g3 c6g6 g3f4 g6g4 f4e5 d1e3 d4d5 e3c4 e5f5 e4e3 d5d6 g4g2 c5d4 g8h7 d7d8 g2g7 d4g7 h7g7 d6d7 c4b6 d8g8
Mar del Plata,Mar del Plata,1953.??.??,8,"Maderna, Carlos","Eliskases, Erich Gottlieb",0-1,,,E87,d2d4 g8f6 c2c4 g7g6 b1c3 f8g7 e2e4 e8g8 f2f3 d7d6 c1e3 e7e5 d4d5 f6h5 g2g4 h5f4 g1e2 f7f5 g4f5 g6f5 e2g3 f5e4 c3e4 b8d7 d1d2 d7f6 e1c1 f6e4 g3e4 c8f5 h1g1 f5e4 f3e4 d8h4 c4c5 f8f6 c1b1 h4h5 c5d6 c7d6 d1c1 f6g6 d2b4 b7b6 f1a6 a8f8 g1g6 h7g6 b4d6 h5f3 e3d2 f3e4 b1a1 g8h7 a2a3 e4d5 d6b4 f8d8 d2e3 d5f3 e3g1 d8d1 b4c4 e5e4 a1a2 f3g2 c1c2 g2g1 c4e4 g1d4 e4f3 d1d2 c2d2 d4d2 f3b3 d2h2
Mar del Plata,Mar del Plata,1953.??.??,8,"Najdorf, Miguel","Guimard, Carlos E",1-0,,,C04,e2e4 e7e6 d2d4 d7d5 b1d2 b8c6 g1f3 g8f6 e4e5 f6d7 f1b5 a7a6 b5c6 b7c6 c2c4 d5c4 e1g1 f8e7 d2c4 d7b6 c4a5 d8d5 c1d2 b6c4 a5c4 d5c4 d2g5 e7g5 f3g5 h7h6 b2b3 c4d5 g5f3 c6c5 a1c1 c5d4 d1d4 c8b7 c1c7 e8g8 d4d5 b7d5 f3d4 a6a5 a2a3 f8b8 f1b1 d5e4 b1e1 b8c8 c7c8 a8c8 f2f3 e4d5 g1f2 c8c3 f2e2 c3c7 e2d2 c7b7 d2c3 f7f6 e5f6 g7f6 f3f4 g8f7 g2g3 h6h5 e1e3 b7b8 c3b2 b8b7 e3c3 e6e5 f4e5 f6e5 d4c6 d5c6 c3c6 e5e4 c6c4 b7e7 b2c2 e4e3 c2d1 e3e2 d1e1 e7e3 c4h4 f7g6 g3g4 g6g5 h4h5 g5g4 h5a5 e3b3 e1e2 b3h3 e2f2 h3h2 f2e3 h2c2 e3d3 c2c1 a3a4 g4f4 a5d5 c1a1 a4a5 a1c1 d3d4 c1a1 d4c4 f4e4 d5h5 a1a2 c4b5 a2g2 a5a6 g2g7 h5h6 e4d5 b5b6 g7g1 a6a7 g1g8 h6h7
Mar del Plata,Mar del Plata,1953.??.??,8,"Carvalho, Flavio","Trifunovic, Petar",0-1,,,E72,d2d4 c7c5 d4d5 g8f6 g2g3 e7e5 f1g2 d7d6 c2c4 g7g6 b1c3 f8g7 e2e4 e8g8 g1e2 b8a6 e1g1 f6h5 c1e3 a6c7 d1d2 c8d7 f2f3 b7b5 g3g4 h5f6 c4b5 c7b5 c3b5 d7b5 f1f2 a7a5 e2g3 f6e8 e3h6 b5d7 g2f1 e8c7 f2g2 f7f6 h6g7 g8g7 h2h3 d7b5 g1h2 a8a7 d2e3 a7b7 f1b5 c7b5 a1f1 b5d4 f3f4 e5f4 e3f4 d8e7 g2f2 f8f7 h2g2 a5a4 g3e2 d4e2 f2e2 b7b4 a2a3 b4d4 f1f2 e7e5 f4e5 f6e5 f2f7 g7f7 g2f2 f7e7 f2e3 d4d1 e2h2 d1e1 e3d3 h7h6 h2e2 e1h1 e2e3 h1h2 d3c3 e7f6 b2b4 a4b3 c3b3 f6g5 e3f3 h2e2 b3c4 e2e4 c4b5 e4d4 b5c6 e5e4 f3f1 e4e3 c6d6 c5c4 d6e5 d4d2 f1e1 e3e2 e5e4 g5h4 e4e3 d2d5 e3e2 d5a5 e1c1 a5a3 c1c4 a3h3 e2f2 g6g5 c4a4 h3b3 a4c4 b3b6 f2f3 b6f6 f3e3 h4g3 c4e4 f6f1 e3e2 f1h1 e4a4 h1h4 e2f1 h4g4 a4a6 g4f4
Mar del Plata,Mar del Plata,1953.??.??,8,"Burgalat, Francisco","Bolbochan, Julio",0-1,,,E67,d2d4 g8f6 g1f3 g7g6 g2g3 f8g7 f1g2 e8g8 e1g1 d7d6 c2c4 b8d7 b1c3 e7e5 d4e5 d6e5 a1b1 c7c6 d1c2 d8e7 b2b4 h7h6 f3d2 d7b6 c4c5 b6d5 e2e4 d5c7 d2c4 c7e6 c3e2 f6d7 c4e3 b7b6 c5b6 d7b6 b4b5 e6d4 e2d4 e5d4 e3c4 c6b5 c1a3 e7c7 c4e3 c7c2 e3c2 f8d8 e4e5 c8f5 b1c1 a8c8 c2a1 g7e5
Mar del Plata,Mar del Plata,1953.??.??,8,"Cuellar Gacharna, Miguel","Pilnik, Herman",1-0,,,D75,d2d4 g8f6 c2c4 g7g6 g2g3 d7d5 c4d5 f6d5 f1g2 f8g7 g1f3 e8g8 e1g1 c7c5 d4c5 b8c6 b1d2 d5b4 a2a3 b4a6 a1b1 a6c5 b2b4 c5e6 c1b2 c6d4 e2e3 d4b5 d1b3 g7b2 b1b2 a7a5 a3a4 b5d6 d2c4 a5b4 b3b4 d6c4 b4c4 d8a5 f1a1 c8d7 b2b7 e6c5 b7b1 a8b8 f3e5 b8b1 a1b1 d7a4 b1a1 a5b5 a1a4 b5a4 c4c5 a4d1 g2f1 e7e6 c5c7 d1d8 c7c4 d8d1 e3e4 d1a1 c4c7 a1a8 e5d7 a8d8 c7d6 f8e8 f1b5 g8g7 d6e5 g7h6 d7f6 d8d1 g1g2 e8d8 h2h3 g6g5 f6g4
Mar del Plata,Mar del Plata,1953.??.??,8,"Bolbochan, Jacobo","Letelier, Rene",1/2-1/2,,,C90,e2e4 e7e5 g1f3 b8c6 f1b5 a7a6 b5a4 g8f6 e1g1 f8e7 f1e1 b7b5 a4b3 d7d6 c2c3 c6a5 b3c2 c7c5 d2d3 e8g8 b1d2 f8e8 d2f1 a5c6 f1e3 e7f8 a2a4 b5b4 h2h3 a8b8 f3h2 c8e6 h2g4 b4b3 c2b1 f6g4 h3g4 g7g6 e3d5 b8b7 c1d2 f8g7 a1a3 d8d7 a3b3 e8b8 b3b7 b8b7 d1c2 e6d5 e4d5 c6e7 g4g5 e7d5 b1a2 d5e7 b2b4 c5b4 c3b4 e7c6 e1c1 c6b4 d2b4 b7b4 c2c8 d7c8 c1c8 g7f8 c8c7 b4a4 a2f7 g8h8 f7c4 a4b4 c7c8 h8g7 c8c7 g7h8 c7c8 h8g7
Mar del Plata,Mar del Plata,1953.??.??,9,"Letelier, Rene","Steiner, Herman",1-0,,,C96,e2e4 e7e5 g1f3 b8c6 f1b5 a7a6 b5a4 g8f6 e1g1 f8e7 f1e1 b7b5 a4b3 d7d6 c2c3 e8g8 h2h3 c6a5 b3c2 c7c5 d2d3 f6e8 a2a4 b5b4 c3b4 c5b4 d3d4 d8c7 b1d2 a5c6 d2b3 a6a5 c1e3 c6d8 a1c1 d8e6 c2d3 c7b8 d1d2 c8b7 d4d5 e6d8 e3b6 f7f5 b6a5 f5e4 d3e4 f8f4 c1c4 d8f7 e4h7 g8f8 c4f4 e5f4 h7e4 e8f6 f3d4 f7g5 e4g6 b7d5 d2f4 g5f7 g6f7 d5f7 e1e7 f7b3 a5c7 b8b7 c7d6 b7d5 d4e6
Mar del Plata,Mar del Plata,1953.??.??,9,"Trifunovic, Petar","Rossetto, Hector",1-0,,,E92,d2d4 g8f6 c2c4 g7g6 b1c3 f8g7 e2e4 d7d6 g1f3 e8g8 f1e2 b8d7 e1g1 e7e5 c1g5 h7h6 g5e3 f6g4 e3c1 c7c6 d4d5 c6c5 f3e1 g4f6 e1d3 d8e7 c1e3 g8h7 d1d2 d7b6 b2b3 f6g4 e2g4 c8g4 a1e1 g6g5 f2f3 g4h5 g2g4 h5g6 c3e2 a8e8 e2g3 e7d8 e1e2 b6d7 h2h3 f8h8 e2h2 h7g8 g1h1 d7f8 f1g1 g6h7 h3h4 f7f6 h4h5 f8d7 b3b4 b7b6 b4c5 d6c5 g1b1 g7f8 a2a4 f8d6 a4a5 g8f7 d2a2 d8c7 h2b2 e8b8 e3d2 f7e7 d3f2 h8c8 f2d1 c7b7 d1c3 b7a8 c3b5 a8b7 d2e3 b8a8 b2b3 d6b8 a5a6
Mar del Plata,Mar del Plata,1953.??.??,9,"Wexler, Bernardo","Najdorf, Miguel",0-1,,,E69,d2d4 g8f6 g1f3 g7g6 g2g3 f8g7 f1g2 e8g8 e1g1 d7d6 c2c4 b8d7 b1c3 e7e5 h2h3 c7c6 e2e4 f8e8 c1e3 d8e7 f1e1 a7a6 a1c1 b7b5 c4b5 a6b5 a2a3 c8b7 d1c2 e5d4 f3d4 d7e5 c1d1 e5c4 e3c1 e8c8 f2f4 e7c7 c2f2 c8e8 d4b3 f6d7 d1d3 e8e7 e1d1 a8e8 f2c2 b7a6 g1h2 e8b8 d3f3 c7b6 c3a2 b8e8 f3d3 g7f8 a2c3 b6c7 d3f3 f8g7 f3f1 d7f6 b3d2 c4e3 c2d3 e3d1 f1d1 d6d5 e4e5 f6d7 d2b3 f7f6 d3c2 c7b6 e5e6 e7e6 b3d4 e6e1 d1e1 e8e1 c3e2 f6f5 d4f3 e1c1 e2c1 d7c5 b2b4 c5e4 c1b3 b6f2 c2f2 e4f2 b3c5 a6c8 f3e5 g7e5 f4e5 f2d1 a3a4 b5a4 c5a4 c8a6 a4c5 a6b5 c5b3 d1e3 b3d4 b5a4 h2g1 e3c4 b4b5 a4b5 d4b5 c6b5 g2d5 g8f8 e5e6 f8e7
Mar del Plata,Mar del Plata,1953.??.??,9,"Guimard, Carlos E","Ojanen, Kaarle Sakari",1/2-1/2,,,D79,d2d4 g8f6 g1f3 g7g6 g2g3 f8g7 f1g2 e8g8 c2c4 c7c6 e1g1 d7d5 c4d5 c6d5 b1c3 b8c6 c1f4 f6e4 a1c1 c8e6 f3e5 e4c3 c1c3 a8c8 d1d2 c6e5 c3c8 d8c8 f4e5 c8d7 e5g7 g8g7 f1c1 f8c8 c1c8 d7c8 d2c3 c8c3 b2c3 g7f8 g1f1 f8e8 f1e1 b7b6 e1d2 e8d8 d2c2 d8c7 c2b3 c7d6 f2f3 f7f6 e2e3 e6d7 g2f1 g6g5 f1a6 h7h6 b3b4 d7c6 a2a4 c6d7 a4a5 e7e5 a6d3 e5d4 a5b6 a7b6 e3d4 d6c7 d3b5 c7d6 h2h4 d7c6 h4g5 h6g5 b5d3 c6d7 b4b3 d6e7 b3c2 d7e6 c2d2 e7d6 d2e3 d6e7 f3f4 e7d6
Mar del Plata,Mar del Plata,1953.??.??,9,"Eliskases, Erich Gottlieb","Burgalat, Francisco",1-0,,,C61,e2e4 e7e5 g1f3 b8c6 f1b5 c6d4 f3d4 e5d4 e1g1 c7c6 b5c4 g8f6 f1e1 d7d6 h2h3 c8e6 d2d3 f6d7 c2c3 d4c3 b1c3 e6c4 d3c4 f8e7 c1f4 d8c7 a1c1 e8g8 c4c5 d7e5 c5d6 c7d6 d1h5 e7f6 c1d1 d6e7 f4g3 a8d8 g1h2 g7g6 h5e2 d8d1 e1d1 f8d8 f2f4 e5d7 e4e5 f6g7 e2d3 f7f5 c3a4 g8f8 e5e6 e7e6 a4c5 d7c5 d3d8 f8f7 b2b4
Mar del Plata,Mar del Plata,1953.??.??,9,"Gligoric, Svetozar","Maderna, Carlos",1-0,,,D66,d2d4 g8f6 c2c4 e7e6 b1c3 d7d5 c1g5 f8e7 e2e3 b8d7 g1f3 e8g8 a1c1 f8e8 f1d3 c7c6 e1g1 d5c4 d3c4 f6d5 g5e7 e8e7 e3e4 d5b6 c4b3 d7f8 d1e2 c8d7 f3e5 d7e8 e2e3 d8d6 e5d3 a8d8 c3e2 e7c7 e4e5 d6e7 d3f4 d8c8 e2c3 f8g6 c3e4 g6f4 e3f4 b6d5 f4g3 g8h8 e4d6 c8d8 b3d5 c6d5 c1c7 e7c7 g3a3 h8g8 a3a7 d8b8 a7c5 c7c5 d4c5 e8c6 b2b4 d5d4 f1d1 b8a8 d1d4 a8a2 f2f3 g8f8 d4f4 a2b2 f4f7 f8g8 f7c7 h7h5 b4b5 c6d5 h2h4 g7g5 h4g5 h5h4 d6e8 h4h3 e8f6 g8f8 g2h3 d5f3 h3h4 b2b5 g5g6
Mar del Plata,Mar del Plata,1953.??.??,9,"Shocron, Ruben","Cuellar Gacharna, Miguel",0-1,,,C53,e2e4 e7e5 g1f3 b8c6 f1c4 f8c5 c2c3 c5b6 a2a4 g8f6 d2d3 d7d6 b1a3 c6e7 c4a2 c7c6 a3c4 b6c7 e1g1 e7g6 f1e1 e8g8 c1d2 c8g4 c4e3 g4e6 e3f5 d8d7 f5g3 d6d5 f3g5 h7h6 g5e6 f7e6 f2f3 c7b6 g1h1 a8d8 e4d5 e6d5 d1c2 b6f2 e1e2 f2g3 h2g3 f6h5 d2e1 d7d6 h1h2 g6e7 e1f2 e7f5 a1e1 e5e4 d3e4 h5g3 e4f5 g3e2 g2g3 e2f4 g3f4 d6f4 h2g2 f8f5 c2e4 f5g5 g2f1 f4h2 e4e6 g8h8 a2b1 d8f8 e6e3 h2h5 f3f4 g5g4 e3d3 h8g8 d3h7 g8f7 e1e5 h5h3 f1e1 g4f4 h7g6 f7g8 g6h7 g8f7 b1g6 f7f6 f2d4 h3h4 e1e2 h4g4 e2e3 c6c5 d4c5 f8c8 c5d4 g4f3 e3d2 f4d4 c3d4 f3f2 e5e2 f2f4 d2d3 c8c1 g6h5 c1d1 d3c3 f4d4 c3c2 d1g1 e2e8 d4c4 c2d2 c4c1 d2e2 c1e1
Mar del Plata,Mar del Plata,1953.??.??,9,"Medina Garcia, Antonio Angel","Carvalho, Flavio",1-0,,,C13,e2e4 e7e6 d2d4 d7d5 b1c3 g8f6 c1g5 f8e7 g5f6 e7f6 e4e5 f6e7 d1g4 e8g8 f1d3 f7f5 g4h3 c7c5 d4c5 b8d7 f2f4 d7c5 e1c1 c8d7 g1f3 a8c8 g2g4 c5e4 c3e2 e4f2 h3g2 f2d1 h1d1 f5g4 g2g4 d8e8 d1g1 f8f7 e2d4 g7g5 h2h4 g8h8 h4g5 e7c5 g1h1 c5d4 f3d4 e8e7 h1h6 c8f8 g5g6 f7f4 g4h3 f4f1 d3f1 f8f1 h3f1 e7g5 c1b1 g5h6 f1f6 h6g7 f6d8 g7g8 d8d7 g8g6 d7d8 h8g7 d8e7 g7h6 e7e6
Mar del Plata,Mar del Plata,1953.??.??,9,"Bolbochan, Julio","Jauregui Andrade, Carlos",1-0,,,A92,d2d4 f7f5 g2g3 g8f6 f1g2 e7e6 g1f3 f8e7 e1g1 e8g8 c2c4 d7d5 d1c2 c7c6 b1d2 d8e8 f3e5 b8d7 e5d3 f6g4 d2f3 g8h8 b2b4 a7a5 b4a5 a8a5 c4c5 f8g8 c1f4 e8h5 h2h3 g4h6 c2d2 a5a4 f4g5 e7g5 d2g5 h5g5 f3g5 a4d4 g5e6 d4c4 a1c1 c4a4 c1c2 h6f7 e2e3 d7e5 d3e5 f7e5 e6d4 g8e8 f1d1 h8g8 g2f1 g8f8 d1c1 f8e7 c2b2 a4a3 c1c2 e7d8 b2b3 a3a5 a2a3 d8c7 f2f4 e5f7 g1f2 c8d7 c2c3 e8a8 f1e2 f7h6 f2e1 h6g8 e1d2 g8f6 e2f3 g7g6 d2c1 d7c8 c1b2 h7h5 c3c2 c8d7 b3c3 a8h8 c2g2 a5a8 h3h4 h8e8 g2c2 e8e7 b2c1 d7e8 c1b2 f6d7 b2c1 a8a4 c1d2 e8f7 f3e2 e7e8 d2c1 d7f6 e2f3 e8a8 c1b2 a8a5 d4b3 a5a6 b3d4 a6a8 f3g2 a4c4 g2f1 c4c3 c2c3 f6e4 c3c1 e4g3 f1d3 a8e8 c1e1 g3e4 d3e4 e8e4 b2c3 b7b6 c3b4 e4e8 a3a4 e8b8 e1a1 b6c5 b4c5 b8b2 a4a5 f7e8 a5a6 b2b8 d4e6 c7c8 a6a7 b8a8 c5b6
Mar del Plata,Mar del Plata,1953.??.??,9,"Pilnik, Herman","Bolbochan, Jacobo",0-1,,,C90,e2e4 e7e5 g1f3 b8c6 f1b5 a7a6 b5a4 g8f6 e1g1 f8e7 f1e1 b7b5 a4b3 d7d6 c2c3 e8g8 h2h3 c6a5 b3c2 c7c5 d2d3 a5c6 b1d2 f8e8 d2f1 h7h6 f1e3 e7f8 f3h2 c8e6 h2g4 f6g4 h3g4 c6e7 e3f5 d6d5 e4d5 e6f5 g4f5 e7d5 d1f3 d8d6 a2a4 b5b4 c2b3 a8d8 b3c4 b4c3 b2c3 d5c3 c1d2 c3d5 d2a5 d8d7 a1b1 f8e7 b1b3 e7d8 a5d2 d8g5 d2g5 h6g5 a4a5 d5b4 f3g4 d6f6 g2g3 d7d4 e1e4 e8d8 g4e2 d4e4 d3e4 f6d6 g1g2 g8f8 e2h5 d6f6 b3c3 f8e7 c4e2 d8c8 c3c1 f6h6 h5g4 c8h8 g2f3 b4c6 c1c5 c6d4 f3e3 f7f6 c5c1 h8b8 e2a6 b8a8 a6d3 a8a5 f2f4 g5f4 g3f4 e7d6 g4g3 a5a2 c1c4 a2g2
Mar del Plata,Mar del Plata,1953.??.??,10,"Burgalat, Francisco","Gligoric, Svetozar",0-1,,,E67,d2d4 g8f6 c2c4 g7g6 g1f3 f8g7 g2g3 e8g8 f1g2 d7d6 e1g1 b8d7 b1c3 e7e5 d4e5 d6e5 a1b1 c7c6 d1c2 d8e7 b2b4 d7b6 c4c5 b6d5 f3d2 c8e6 c3d1 a7a5 a2a3 a5b4 a3b4 f6e8 e2e4 d5c7 c1b2 c7a6 b2c1 e8c7 d1c3 f8d8 b1b2 d8d4 c2b1 a8d8 f1e1 f7f6 g2f1 e6f7 c3a4 g7h6 f2f4 e5f4 d2f3 d4d1 e1d1 d8d1 a4c3 d1d8 c1f4 h6f4 g3f4 a6c5 b4c5 e7c5 b2f2 c5c3 b1b7 c7e6 b7e7 d8e8 e7d6 c3e3 e4e5 e6c5 e5f6 e3f2
Mar del Plata,Mar del Plata,1953.??.??,10,"Najdorf, Miguel","Bolbochan, Julio",1/2-1/2,,,E94,d2d4 g8f6 c2c4 g7g6 b1c3 f8g7 e2e4 e8g8 g1f3 d7d6 f1e2 e7e5 e1g1 b8d7 c1g5 h7h6 g5e3 c7c6 d4d5 c6d5 c4d5 f6g4 e3c1 a7a5 f3e1 g4f6 e1d3 b7b6 f2f4 e5f4 c1f4 d8e7 e2f3 c8a6 f1e1 a6d3 d1d3 d7e5
Mar del Plata,Mar del Plata,1953.??.??,10,"Steiner, Herman","Pilnik, Herman",1-0,,,D70,d2d4 g8f6 c2c4 g7g6 g1f3 d7d5 c4d5 f6d5 e2e4 d5b6 b1c3 f8g7 h2h3 e8g8 f1e2 a7a5 e1g1 a5a4 c1e3 c7c6 d1d2 c8e6 e3h6 e6c4 a1c1 b8d7 f1d1 c4e2 c3e2 d7f6 e2g3 d8d7 d2g5 f6e8 h6g7 e8g7 g5h6 f7f6 h6d2 f8d8 d2b4 a8a6 d1d2 d7d6 b4c3 d6e6 a2a3 g7e8 d2c2 e8d6 c3d3 d6f7 c2c6 e6b3 d3b3 a4b3 c6c3 e7e5 d4e5 f6e5 c3b3 d8d7 b3b5 b6a4 b2b3 a4b2 a3a4 b2d3 c1c8 g8g7 c8b8 a6a7 g3f1 d3c1 f1e3 c1e2 g1h2 e2d4 f3e5 f7e5 b5e5 d4c6 b8e8 c6e5 e8e5 a7a6 e5b5 a6e6 f2f3 g7f8 h3h4 f8e8 e3d5 e8f7 d5e3 f7e8 h2g3 e8d8 e3d5 d8e8 a4a5 e8f7 d5e3 f7e8 e3c4 e8d8 e4e5 d8c7 c4d6 c7c6 b3b4 d7c7 f3f4 e6e7 g3f3 h7h5 f3e4 c6d7 b5b7 c7b7 d6b7 d7c6 b7d6 e7c7 a5a6 c6b6 a6a7
Mar del Plata,Mar del Plata,1953.??.??,10,"Rossetto, Hector","Medina Garcia, Antonio Angel",1/2-1/2,,,E03,d2d4 d7d5 g1f3 g8f6 c2c4 e7e6 g2g3 d5c4 d1a4 b8d7 f1g2 a7a6 a4c4 b7b5 c4c2 c8b7 e1g1 c7c5 b1d2 a8c8 c2d1 f8e7 d4c5 d7c5 d2b3 e8g8 b3c5 e7c5 c1g5 d8e7 a2a3 f8d8 d1e1 h7h6 g5d2 b7e4 d2a5 d8d5 a1c1 e7b7 f3h4 c5a7 c1c8 b7c8 e1b4 c8c2 g2e4 c2e4 b4e4 f6e4 h4f3 d5c5 f3e1 c5c1 e1d3 c1c2 e2e3 e4c5 f1c1 c2c1 d3c1 g8f8 g1f1 f8e7 f1e2 e7d6 c1d3 c5d3 e2d3 h6h5 f2f3 g7g6 h2h3 f7f5 a5b4 d6d5 e3e4 d5c6 b4e7 a7f2 g3g4
Mar del Plata,Mar del Plata,1953.??.??,10,"Ojanen, Kaarle Sakari","Carvalho, Flavio",1-0,,,E48,d2d4 g8f6 c2c4 e7e6 b1c3 f8b4 e2e3 e8g8 f1d3 d7d5 c4d5 e6d5 g1e2 f8e8 e1g1 b8d7 f2f3 c7c5 e2g3 a7a6 a2a3 b4a5 g1h1 a5c7 c3e2 b7b6 c1d2 c8b7 d1e1 d7f8 e1f2 f8e6 d2c3 c5d4 e2d4 e6d4 c3d4 c7e5 a1c1 e5d4 e3d4 g7g6 f2d2 d8d6 d2g5 g8h8 f1e1 f6g8 g5d2 a8c8 h1g1 c8c1 e1c1 h7h6 g3e2 h8g7 d2f4 d6f4 e2f4 e8e7 c1c3 g8f6 g1f2 e7d7 c3b3 d7d6 a3a4 g7f8 a4a5 b6b5 b3c3 f8e7 c3c7 d6d7 c7c1 e7d6 h2h4 d7c7 c1e1 c7e7 e1h1 h6h5 b2b4 e7c7 f2e3 b7c8 e3d2 f6e8 h1e1 e8g7 e1e5 c8e6 g2g4 h5g4 f3g4 e6g4 e5d5 d6e7 d5e5 e7f8 f4d5 c7c6 d5b6 c6d6 d4d5 d6d8 d2c3 g4f3 c3d4 f7f6 e5e3 f3h5 d4c5 g7e8 e3e6 h5g4 e6c6 f8g7 d5d6 g4f3 d6d7 f3c6 c5c6 f6f5 h4h5 g6h5 d3f5 h5h4 d7e8q d8e8 b6d5 g7h6 d5c7 e8f8 f5d7 f8f6 c6b7 f6d6 d7c8 d6d8 c8h3 d8d3 h3f5 d3f3 f5c8 f3f8 c7b5 f8f4 b7a6 f4b4 a6b6 b4c4 c8b7 h4h3 a5a6 c4a4 a6a7 a4a7 b5a7 h6g5 a7b5 g5f4 b5d6
Mar del Plata,Mar del Plata,1953.??.??,10,"Bolbochan, Jacobo","Shocron, Ruben",1-0,,,C08,e2e4 e7e6 d2d4 d7d5 b1d2 c7c5 e4d5 e6d5 g1f3 c5c4 b2b3 c4b3 a2b3 f8d6 f1b5 b8c6 e1g1 g8e7 f1e1 e8g8 c2c3 a7a6 b5d3 c8f5 d2f1 d8c7 c1a3 d6a3 a1a3 f5d3 d1d3 e7g6 g2g3 a8c8 f1e3 c6e7 b3b4 f8e8 e1b1 c7d6 a3a5 e7c6 a5a1 c6a7 c3c4 d5c4 e3c4 d6c6 c4a5 c6d5 b1e1 a7b5 e1e8 c8e8 a1c1 h7h6 c1c5 d5d7 c5c1 d7g4 g1h1 e8e7 a5b3 b5d6 b3d2 d6f5 c1c5 f5d4 c5c4 e7e1 f3e1
Mar del Plata,Mar del Plata,1953.??.??,10,"Maderna, Carlos","Letelier, Rene",0-1,,,B93,e2e4 c7c5 g1f3 d7d6 d2d4 c5d4 f3d4 g8f6 b1c3 a7a6 f2f4 b8c6 c1e3 e7e5 d4f3 f6g4 e3g1 e5f4 c3d5 g4e3 d5e3 f4e3 g1e3 d8e7 f1c4 c8e6 c4e6 e7e6 f3g5 e6e5 e1g1 f7f6 g5h3 e5e4 f1e1 c6e5 h3f4 e8f7 c2c3 e4c4 f4d5 a8e8 e1f1 f8e7 f1f4 c4c8 d1b3 c8e6 a1f1 b7b5 b3d1 e5g6 d1h5 e7d8 e3d4 e6e2 d5f6 e2h5 f6h5 g6f4 f1f4 d8f6 h5g7 e8e5 g7f5 e5e6 d4f6 e6f6 f5d6 f7e6 f4d4 h8f8 h2h3 f6f1 g1h2 f8f2 d6e4 f2b2 e4c5 e6f7 d4d7 f7g8 c5a6 f1f2 h2g3 f2g2 g3f4 b2a2 a6b4 a2f2 f4e5 g2g3 b4d5 g3h3 d7b7 h3h5 e5e4 h5h4 e4e5 f2f7 b7b5 g8g7 b5c5 h7h5 c3c4 h4g4 c5c8 h5h4 d5c7 h4h3 c7e8 g7h7 e5e6 f7f8 c8c7 h7h6 e8f6 f8f6 e6f6 h3h2 c7c8 g4g7
Mar del Plata,Mar del Plata,1953.??.??,10,"Jauregui Andrade, Carlos","Eliskases, Erich Gottlieb",1/2-1/2,,,A40,d2d4 e7e6 g2g3 c7c5 g1f3 d7d5 c2c4 d5c4 d1a4 b8c6 f1g2 c5d4 f3d4 d8d4 g2c6 c8d7 c1e3 d7c6 a4c6 b7c6 e3d4 f8b4 e1f1 f7f6 f1g2 e6e5 d4e3 g8e7 h1c1 e8d7 c1c4 h8b8 b1c3 b4c3 b2c3 b8b2 a1d1 d7e8 e3c5 b2e2 c5e7 e8e7 c4c6 a8b8 c6c7 e7e6 c7a7 b8b2 d1f1 e5e4 a7g7 e4e3 g7h7 e2f2 f1f2 b2f2 g2g1 f2a2 h7h8 e6f7 g1f1 a2f2 f1e1 f2c2 c3c4 c2c4 e1e2 f7g7 h8d8 c4c2 e2e3 c2h2
Mar del Plata,Mar del Plata,1953.??.??,10,"Guimard, Carlos E","Wexler, Bernardo",1-0,,,D38,c2c4 e7e6 g1f3 g8f6 b1c3 d7d5 d2d4 f8b4 d1a4 b8c6 f3e5 c8d7 e5d7 d8d7 a2a3 b4e7 e2e3 e8g8 f2f4 d5c4 f1c4 a7a6 a4c2 g7g6 c4e2 a8b8 e1g1 f8d8 e2f3 c6a5 f1d1 b7b5 e3e4 c7c6 g1h1 d7a7 c1e3 a5c4 e3f2 a7c7 c3e2 b8c8 g2g4 c6c5 b2b3 c4b6 d4c5 d8d1 a1d1 e7c5 f2c5 c7c5 d1d8 g8g7 d8c8 c5c8 c2b2 e6e5 b2e5 b6d7 e5d4 g7g8 g4g5
Mar del Plata,Mar del Plata,1953.??.??,10,"Cuellar Gacharna, Miguel","Trifunovic, Petar",1-0,,,B14,d2d4 c7c5 e2e3 g8f6 g1f3 d7d5 c2c4 c5d4 e3d4 e7e6 b1c3 f8e7 f1d3 e8g8 e1g1 b8c6 a2a3 b7b6 c4d5 e6d5 h2h3 c8b7 f1e1 f6e8 c1f4 e7f6 a1c1 g7g6 d3b5 a7a6 b5c6 b7c6 f3e5 c6b7 c3a4 f6e5 f4e5 e8d6 e5d6 d8d6 d1b3 b6b5 a4c5 b7c6 e1e5 f8e8 f2f4 g8g7 c1e1 f7f6 e5e6 d6f4 e6e8 a8e8 c5e6 e8e6 e1e6 f4d4 g1h1 c6a8 e6e8 a8c6 e8c8 d4b6 b3c3 c6d7 c3c7 b6e6 c8d8 g7h6 d8d7
Mar del Plata,Mar del Plata,1953.??.??,11,"Pilnik, Herman","Maderna, Carlos",1-0,,,C90,e2e4 e7e5 g1f3 b8c6 f1b5 a7a6 b5a4 g8f6 e1g1 f8e7 f1e1 b7b5 a4b3 d7d6 c2c3 e8g8 d2d3 c6a5 b3c2 c7c5 b1d2 a5c6 a2a4 a8b8 d2f1 d6d5 e4d5 d8d5 a4b5 a6b5 c3c4 b5c4 f1e3 d5d8 e3c4 f6d7 c2a4 c8b7 a4c6 b7c6 f3e5 d7e5 c4e5 c6d5 a1a7 b8b7 a7b7 d5b7 c1d2 e7f6 d2c3 f8e8 e5c4 e8e1 d1e1 f6d4 c3d4 c5d4 e1a5 d8d7 a5e5 h7h6 h2h3 b7a6 b2b3 f7f6 e5c5 g8h7 c4d6 d7e6 c5d4 f6f5 b3b4 e6d7 d4d5 h7g6 d5e5 a6d3 e5g3 g6f6 g3d3
Mar del Plata,Mar del Plata,1953.??.??,11,"Medina Garcia, Antonio Angel","Cuellar Gacharna, Miguel",0-1,,,C98,e2e4 e7e5 g1f3 b8c6 f1b5 a7a6 b5a4 g8f6 e1g1 b7b5 a4b3 f8e7 f1e1 d7d6 c2c3 e8g8 h2h3 c6a5 b3c2 c7c5 d2d4 d8c7 b1d2 a5c6 d4d5 c6d8 a2a4 a8b8 a4b5 a6b5 b2b3 f6e8 d2f1 g7g6 g2g4 e8g7 f1g3 f7f6 g1h2 d8f7 e1g1 c8d7 c1b2 c5c4 b3b4 b8a8 d1e2 c7b7 a1d1 g8h8 g1g2 f8g8 d1g1 b7a7 c2b1 a7a4 e2d2 a4b3 d2c1 g7e8 b1c2 b3a2 c2b1 a2a4 b1c2 a4a7 c1e1 e7f8 b2c1 a7a1 g3e2 a1a6 h3h4 a6c8 h2h1 a8a1 e1d2 a1a2 d2d1 g6g5 h4g5 f6g5 f3h2 e8f6 c2b1 a2a1 c1b2 a1a8 b2c1 g8g6 f2f3 g6h6 e2g3 h6h4 d1e1 h7h6 c1e3 f8e7 g2c2 h6h5 g3f5 d7f5 g4f5 f6h7 e3f2 h4f4 f2g3 e7d8 g1g2 d8b6 c2a2 h7f6 a2a8 c8a8 g2a2 a8b7 b1c2 f6e8 e1f1 h8g7 f1a1 e8c7 c2d1 g7f6 h2f1 b7b8 a2h2 h5h4 g3f4 e5f4 h2a2 f7e5 f1h2 b8b7 d1e2 b6e3 a1f1 c7e8 f1g2 e8g7 h2g4 e5g4 g2g4 e3f2 e2c4 f2g3 c4d3 b7b6 g4h3 b6e3 h3f1 g7h5 h1g2 g5g4 e4e5 d6e5 f3g4 f4f3 g2h1 h5f4 a2a6 f6g5 f1b1 f4d3
Mar del Plata,Mar del Plata,1953.??.??,11,"Wexler, Bernardo","Ojanen, Kaarle Sakari",1/2-1/2,,,A97,d2d4 f7f5 g2g3 g8f6 f1g2 e7e6 g1f3 f8e7 e1g1 e8g8 c2c4 d7d6 b1c3 d8e8 c1g5 b8c6 f1e1 e8h5 g5f6 e7f6 e2e4 e6e5 d4e5 d6e5 c3d5 f5e4 e1e4 c8g4 h2h3 g4h3 d5f6 f8f6 f3e5 h5d1 a1d1 h3g2 g1g2 a8e8 f2f4 f6e6 d1e1 c6e5 f4e5 h7h5 g2f3 g8h7 b2b3 h7g6 e1e3 g6h6 f3g2 g7g5 e3e2 h6g6 e4e3 b7b6 g2h2 e8e7 h2g2 e7d7 e2f2 g5g4 a2a4 a7a5 f2c2 g6g5 c2f2 d7e7 f2e2 g5f5 e2f2 f5g6 f2e2 g6g5 e2e1 e7f7 e1d1 f7e7 d1e1 e7f7 e1d1
Mar del Plata,Mar del Plata,1953.??.??,11,"Trifunovic, Petar","Bolbochan, Jacobo",1-0,,,D67,d2d4 g8f6 c2c4 e7e6 b1c3 d7d5 c1g5 f8e7 e2e3 b8d7 g1f3 e8g8 a1c1 c7c6 f1d3 d5c4 d3c4 f6d5 g5e7 d8e7 c3e4 d5f6 e4f6 e7f6 e1g1 f8d8 d1c2 h7h6 c4b3 d7f8 f3e5 f8d7 f2f4 f6e7 f1f3 d8f8 a2a3 d7f6 b3a2 c8d7 f3h3 h6h5 a2b1 g7g6 h3g3 d7e8 g3f3 g8h8 h2h3 f8g8 g2g4 g8g7 g4g5 f6g8 f3f2 a8d8 c2c5 e7c5 c1c5 g8e7 b1e4 g7g8 f2c2 h8g7 g1f2 e7c8 c2c1 e8d7 e4d3 g8e8 f2e2 e8e7 b2b4 a7a6 a3a4 c8d6 c5c3 d7e8 e5c4 d6c4 c3c4 g7f8 c4c5 d8a8 d3e4 e7d7 e2d3 f8e7 e4f3 d7d8 h3h4 d8d7 c5e5 e7d6 e3e4 a8d8 d3e3 d7e7 a4a5 e8d7 d4d5 d8c8 e3d4 c6d5 c1c8 d7c8 e4d5 e7c7 d5e6 c8e6 e5c5 c7e7 b4b5 a6b5 c5b5 e6c8 b5b6 d6c7 f3d5 c7d8 b6f6 d8e8 d4c5 e7d7 f6d6 d7e7 c5b6 e7e1 d6f6 e1b1 b6c7 b1c1 c7b8 c1c5 d5f7 e8e7 f7g6 c8g4 b8b7 c5a5 g6e4 a5a4 e4d5 a4a1
Mar del Plata,Mar del Plata,1953.??.??,11,"Shocron, Ruben","Steiner, Herman",1-0,,,D30,d2d4 d7d5 g1f3 e7e6 c2c4 c7c6 g2g3 f8d6 f1g2 f7f5 e1g1 b8d7 b2b3 d8e7 a2a4 a7a5 d1c2 g7g6 b1c3 g8f6 a1b1 f6e4 f3e1 h7h5 e1f3 d7f6 h2h4 e4c3 c2c3 f6e4 c3c2 e7g7 c1f4 d6e7 c2c1 e7f6 f3e5 g6g5 h4g5 e4g5 c4d5 h5h4 d5c6 h4g3 f2g3 e8g8 e5d7 c8d7 c6d7 f6d4 e2e3 d4f6 g2b7 a8d8 b7c6 e6e5 f4g5 g7g5 g1g2 e5e4 c1c4 g8g7 c4e6 f6c3 f1f4 c3b4 b1f1 f8f6 e6e5 g7g6 e5e8
Mar del Plata,Mar del Plata,1953.??.??,11,"Bolbochan, Julio","Guimard, Carlos E",1/2-1/2,,,A93,d2d4 f7f5 g2g3 g8f6 f1g2 e7e6 g1f3 f8e7 e1g1 e8g8 c2c4 d7d5 b2b3 c7c6 e2e3 c8d7 c1a3 e7a3 b1a3 d7e8 c4d5 c6d5 f3e5 b8c6 a3c2 a8c8 e5d3 f8f7 f2f3 f7c7 a1c1 d8d6 d1d2 b7b6 f1d1 c6e7 c2e1 c7c1 d1c1 c8c1 d2c1
Mar del Plata,Mar del Plata,1953.??.??,11,"Letelier, Rene","Burgalat, Francisco",1-0,,,D36,d2d4 g8f6 c2c4 e7e6 b1c3 d7d5 c1g5 f8e7 g1f3 e8g8 e2e3 b8d7 c4d5 e6d5 f1d3 c7c6 d1c2 f8e8 e1g1 f6e4 g5f4 e4f6 c3b5 d7f8 b5c7 f8e6 c7a8 e6f4 e3f4 c8e6 f3g5 g7g6 f4f5 e6d7 f5g6 h7g6 d3g6
Mar del Plata,Mar del Plata,1953.??.??,11,"Gligoric, Svetozar","Jauregui Andrade, Carlos",1-0,,,E19,d2d4 g8f6 c2c4 e7e6 g1f3 b7b6 g2g3 c8b7 f1g2 f8e7 e1g1 e8g8 b1c3 f6e4 d1c2 e4c3 c2c3 d7d6 c3c2 f7f5 d4d5 e6e5 c1d2 a7a5 a1d1 b8d7 b2b3 d7c5 a2a3 b7c8 f3e5 d6e5 d5d6 e5e4 d6e7 d8e7 b3b4 a5b4 a3b4 c5e6 d2c3 c8b7 f2f4 b7c6 c2b2 f8d8 c3e5 h7h5 h2h3 e7f7 g1h2 g8h7 d1d2 d8d2 b2d2 a8d8 d2e3 f7d7 g3g4 g7g6 f1g1 d7e7 g2f1 e7h4 g4f5 g6f5 g1g3 d8g8 g3g8 h7g8 e3g3 h4g3 h2g3 c6e8 e2e3 c7c5 b4b5 g8h7 g3h4 h7h6 f1e2 e6f8 e5d6 f8d7 d6e7 e8f7 e7d8 f7g8 d8g5 h6h7 h4h5 g8f7 h5h4 f7g8 h4g3 g8f7 h3h4 h7g7 h4h5 f7g8 g3h4 g7h7 e2f1 g8f7 f1h3 f7e6 g5e7 h7h6 e7d8 e6c4 h3f5 c4b5 f5e4 c5c4 e4c2 b5c6 d8g5 h6g7 h5h6 g7g8 h6h7 g8h8 g5e7 h8g7 e7b4
Mar del Plata,Mar del Plata,1953.??.??,11,"Eliskases, Erich Gottlieb","Najdorf, Miguel",0-1,,,B93,e2e4 c7c5 g1f3 d7d6 d2d4 c5d4 f3d4 g8f6 b1c3 a7a6 f2f4 e7e5 d4f3 b8d7 f1d3 f8e7 e1g1 e8g8 g1h1 b7b5 a2a3 c8b7 f3h4 g7g6 h4f3 f6h5 f4e5 d6e5 c1h6 f8e8 a3a4 b5b4 d3c4 b4c3 f3g5 e7g5 f1f7 g5h6 f7d7 g8h8 d7d8 a8d8 d1b1 b7e4 b2c3 d8d2 c4f1 e4a8 b1b6 h5f4 b6f6 h6g7 f6a6 f4g2 f1g2 a8g2 h1g1 g2a8 a6f1 e8f8 f1h3 g7h6
Mar del Plata,Mar del Plata,1953.??.??,11,"Carvalho, Flavio","Rossetto, Hector",0-1,,,C02,e2e4 e7e6 d2d4 d7d5 e4e5 c7c5 c2c3 b8c6 g1f3 d8b6 a2a3 c5c4 b1d2 c6a5 a1b1 c8d7 g2g3 a8c8 f1g2 f8e7 d1c2 d7b5 d2f1 b6c6 c1f4 b5a4 c2e2 c6b5 f1e3 e7a3 e1g1 a3f8 f3g5 h7h6 g5e6 f7e6 e2h5 e8d8 b1a1 g8e7 f4g5 a5b3 f2f4 b3a1 f1a1 b5e8 h5h3 a4c6 f4f5 h6g5 h3h8 e7f5 e3f5 e6f5 h8g8 f8e7 g8e6 e8d7 e6f7 a7a6 g2h3 g5g4 h3g2 d8c7 e5e6 d7d6 f7f5 c8f8 f5g4 f8f6 a1e1 b7b5 h2h4 b5b4 e1e2 a6a5 g1h2 f6h6 h2g1 b4c3 b2c3 a5a4 g2h3 c6e8
Mar del Plata,Mar del Plata,1953.??.??,12,"Burgalat, Francisco","Pilnik, Herman",0-1,,,D73,d2d4 g8f6 g1f3 g7g6 g2g3 f8g7 f1g2 d7d5 c2c4 d5c4 d1a4 f6d7 a4c4 d7b6 c4c2 b8c6 e2e3 c8f5 c2e2 e8g8 e1g1 e7e5 e3e4 f5g4 d4d5 c6d4 e2d3 c7c5 b1a3 c5c4 d3e3 a8c8 f1e1 g4f3 g2f3 g7h6 e3h6 d4f3 g1f1 f3e1 f1e1 f7f5
Mar del Plata,Mar del Plata,1953.??.??,12,"Najdorf, Miguel","Gligoric, Svetozar",0-1,,,E99,d2d4 g8f6 c2c4 g7g6 b1c3 f8g7 e2e4 d7d6 g1f3 e8g8 f1e2 e7e5 e1g1 b8c6 d4d5 c6e7 f3e1 f6d7 e1d3 f7f5 f2f3 f5f4 c1d2 d7f6 b2b4 g6g5 c4c5 h7h5 d3f2 e7g6 a1c1 f8f7 c5d6 c7d6 a2a4 g7f8 a4a5 f7g7 h2h3 g6h8 c3b5 g5g4 f3g4 h5g4 h3g4 a7a6 b5a3 c8d7 a3c4 a8c8 c4b6 c8c1 d2c1 d7e8 c1a3 h8f7 d1c2 f7h6 g4g5 g7g5 f1c1 g5g3 a3b2 f6g4 f2g4 h6g4 e2g4 g3g4 c2f2 e8g6 c1c4 d8e7 b2c3 e7h7 f2e2 g4h4 g1f2 f4f3 e2e3 h4f4 g2f3 h7h2 f2e1 h2h1 e1e2 g6h5 e2d2 f4f3 e3g5 f8g7 d2c2 f3f2 c3d2 h1d1 c2c3 d1a1
Mar del Plata,Mar del Plata,1953.??.??,12,"Ojanen, Kaarle Sakari","Rossetto, Hector",0-1,,,E65,c2c4 g8f6 b1c3 g7g6 g2g3 f8g7 f1g2 e8g8 d2d4 d7d6 g1f3 c7c5 d4c5 d6c5 e1g1 b8c6 c1e3 d8a5 d1b3 f6g4 e3d2 c6d4 f3d4 c5d4 b3b5 a5d8 c3d5 e7e6 d2a5 d8d7 b5d7 c8d7 d5e7 g8h8 g2b7 a8b8 b7c6 d7c6 e7c6 b8b2 h2h3 g4h6 a1b1 b2a2 c4c5 g7f6 f1c1 a2e2 c6a7 d4d3 c5c6 h8g8 c6c7 f6d4 a5b6 d4b6 b1b6 d3d2 c1f1 h6f5 b6b8 f5e7 b8d8 g8g7 a7c6 e7c8 c6d4 e2e4 d4f3 e4c4 f1d1 c4c7 d1d2 f8d8 d2d8 c8e7 d8d2 h7h5 g1g2 e7d5 h3h4 f7f6 d2b2 g7f7 b2d2 c7c5 d2a2 e6e5 f3d2 c5c6 d2f3 f7e6 a2b2 c6c4 b2d2 e5e4 f3d4 e6e5 d4e2 f6f5 d2a2 c4c5 a2a8 c5c2 g2f1 c2b2 a8e8 e5f6 e8f8 f6e7 f8a8 d5b4 a8b8 b4d3 b8b2 d3b2 e2f4 e7f6 f4d5 f6f7 d5f4 b2d3 f4d3 e4d3 f1e1 f7e6 e1d2 f5f4 d2d3 e6f5
Mar del Plata,Mar del Plata,1953.??.??,12,"Maderna, Carlos","Shocron, Ruben",1-0,,,D30,d2d4 g8f6 c2c4 e7e6 g1f3 d7d5 c1g5 b8d7 e2e3 c7c6 b1d2 f8e7 f1d3 e8g8 e1g1 h7h6 g5h4 c6c5 a1c1 b7b6 d1e2 c8b7 f1d1 f6e4 h4e7 d8e7 c4d5 e6d5 d3a6 a8b8 a6b7 b8b7 e2a6 e4d6 b2b3 f8c8 a6d3 d7f6 d4c5 b6c5 h2h3 a7a5 c1c2 d6e4 d3a6 c8b8 d1c1 e4d2 f3d2 b7a7 a6d3 a7c7 d3a6 c7a7 a6c6 a7c7 c6a4 b8a8 a4b5 f6d7 d2b1 e7e6 b1c3 d7b6 c3e2 c5c4 e2d4 e6d6 b3c4 c7c5 d4f5 d6c7 b5b2 d5d4 f5d4 b6c4 c2c4 c5c4 c1c4 c7c4 d4f5
Mar del Plata,Mar del Plata,1953.??.??,12,"Jauregui Andrade, Carlos","Letelier, Rene",0-1,,,E39,d2d4 g8f6 c2c4 e7e6 b1c3 f8b4 d1c2 c7c5 d4c5 e8g8 a2a3 b4c5 e2e3 b7b6 f1e2 c8b7 e2f3 b8c6 g1e2 d7d5 b2b4 c5e7 c4d5 c6e5 e2d4 e5f3 d4f3 f6d5 c1b2 a8c8 a1c1 a7a5 b4a5 b6a5 c2d2 d5b6 d2e2 b6c4 c3b5 c4b2 e2b2 c8c1 b2c1 d8d3 f3d4 f8c8 c1d1 d3c4 d1e2 c4d5 e3e4 c8c1
Mar del Plata,Mar del Plata,1953.??.??,12,"Guimard, Carlos E","Eliskases, Erich Gottlieb",0-1,,,D30,d2d4 d7d5 g1f3 g8f6 e2e3 c7c5 d4c5 e7e6 c2c4 f8c5 a2a3 e8g8 b1c3 d5c4 d1c2 a7a6 f1c4 b8d7 e1g1 b7b5 c4d3 c8b7 e3e4 d8c7 c1g5 f6h5 a1e1 h7h6 g5h4 g7g5 h4g3 h5g3 h2g3 d7e5 c3b5 e5f3 g2f3 c7g3 g1h1 g3f3 h1g1 a6b5 d3e2 f3g3 g1h1 g3h3 h1g1 c5d6
Mar del Plata,Mar del Plata,1953.??.??,12,"Wexler, Bernardo","Bolbochan, Julio",0-1,,,D98,d2d4 g8f6 c2c4 g7g6 b1c3 d7d5 g1f3 f8g7 d1b3 d5c4 b3c4 e8g8 e2e4 c8g4 c1e3 f6d7 a1d1 b8c6 c4b3 e7e5 d4e5 c6e5 f1e2 e5f3 g2f3 g4e6 e2c4 e6c4 b3c4 d7e5 c4e2 d8h4 f3f4 e5g4 e3c5 f8e8 e2f3 b7b6 c5d4 a8d8 d4g7 d8d1 c3d1 g8g7 d1c3 g4f6 e1d2 f6h5 c3e2 h4e7 f3c3 g7g8 f2f3 e7d6 d2e3 c7c5 h1g1 h5f6 c3d3 d6e6 a2a3 e6h3 g1g3 h3h2 d3d6 f6h5 g3g5 h5g7 d6d7 h7h5 f4f5 h2e5 e3f2 e5f6 g5g3 g8h7 b2b3 e8d8 f5g6 f7g6 d7a7 d8d2 g3g2 d2d3
Mar del Plata,Mar del Plata,1953.??.??,12,"Cuellar Gacharna, Miguel","Carvalho, Flavio",1-0,,,B71,e2e4 c7c5 g1f3 b8c6 d2d4 c5d4 f3d4 g8f6 b1c3 d7d6 f2f4 g7g6 d4c6 b7c6 e4e5 f6d7 e5d6 e7d6 c1e3 f8e7 d1d2 d7f6 f1e2 e8g8 e1c1 c8e6 e2f3 d8c8 h2h3 c8a6 b2b3 d6d5 c1b1 a8c8 g2g4 f8d8 e3d4 c6c5 d4f6 e7f6 c3d5 e6d5 f3d5 d8d5 d2d5 a6a3 c2c3 f6c3 h1h2 c3d4 d5c4 c8b8 d1d4 c5d4 c4d4 b8e8 d4d2 a7a5 h2g2 a5a4 g2g3 e8b8 d2c1 a3b4 g3e3 b4d4 f4f5 a4b3 a2b3 b8a8 e3c3 g8g7 c1e3 d4d5 c3c5 d5d1 c5c1 d1d5 e3c3 g7g8 f5f6 a8e8 c3c4 d5f3 c4c3 f3e4 b1b2 h7h6 c1c2 e4f4 c2d2 e8e6 c3d4 e6f6 d4f4 f6f4 b2c3 g8g7 b3b4 f7f5 b4b5 f5g4 h3g4 f4g4 b5b6 g4g3 c3c4 g3g1 d2b2 g1c1 c4d5 c1c8 b6b7 c8b8 d5c6 g7f6 c6c7 b8h8 b7b8q h8b8 b2b8 f6e5 b8b5 e5f4 c7d6 g6g5 b5b4 f4f3 d6e5 g5g4 b4b3
Mar del Plata,Mar del Plata,1953.??.??,12,"Steiner, Herman","Trifunovic, Petar",1/2-1/2,,,D71,d2d4 g8f6 c2c4 g7g6 b1c3 f8g7 g2g3 d7d5 f1g2 d5c4 d1a4 f6d7 e2e3 e8g8 a4c4 c7c5 g1e2 b8c6 e1g1 c5d4 e2d4 c6d4 e3d4 d7b6 c4e2 c8e6 f1d1 d8d7 c1g5 h7h6 g5e3 b6d5 a1c1 a8c8 e2d2 g8h7 b2b3 f8d8 h2h4 h6h5 c3e4 b7b6 e4g5 h7g8 g5e6 d7e6 e3g5
Mar del Plata,Mar del Plata,1953.??.??,12,"Bolbochan, Jacobo","Medina Garcia, Antonio Angel",1-0,,,E60,d2d4 g8f6 c2c4 g7g6 g2g3 f8g7 f1g2 e8g8 g1f3 d7d6 e1g1 c7c5 d4d5 e7e5 d5e6 f7e6 b1c3 b8c6 c1f4 d6d5 c4d5 e6d5 a1c1 g8h8 f4g5 c8e6 f3e1 d8a5 g5d2 a8d8 c3a4 a5b5 a4c5 e6g4 e1d3 c6d4 f2f3 g4c8 e2e3 d4f5 d1a4 b5a4 c5a4 g7h6 f3f4 f6e4 d2b4 f8e8 f1e1 h6g7 d3f2 e4f2 g1f2 d5d4 e3e4 f5e3 e4e5 b7b6 b2b3 g6g5 c1c7 g5f4 g3f4 d8d7 e1c1 d7c7 c1c7 e3f5 g2e4 a7a5 b4a3 b6b5 e4c6 e8d8 c6b5 d4d3 b5d3
Mar del Plata,Mar del Plata,1953.??.??,13,"Rossetto, Hector","Cuellar Gacharna, Miguel",1/2-1/2,,,D79,d2d4 g8f6 c2c4 g7g6 g2g3 f8g7 f1g2 d7d5 g1f3 e8g8 e1g1 c7c6 c4d5 c6d5 b1c3 b8c6 f3e5 e7e6 e5c6 b7c6 c3a4 f6d7 c1e3 c8a6 d1d2 d7b6 a4c5 b6c4 d2c3 c4e3 c3e3 a6c8 a1c1 a8b8 c1c2 f8e8 c5d3 d8d6 f1c1 b8b6 d3e5 c8b7 e3f4 e8f8 e2e3 d6e7 b2b3 f8c8 h2h4 f7f6 e5d3 c8d8 d3c5 e6e5 f4f3 f6f5 f3d1 e5d4 e3d4 e7f6 c5b7 b6b7 c2c6 f6d4 d1d4 g7d4 c1d1 d4b6 d1d5 b7d7 d5d7 d8d7 c6c2 f5f4 g1h2 f4g3 f2g3 g8g7 g2f3 b6e3 h2h3 e3b6 c2e2 b6c5 e2c2 c5b4 h4h5 a7a5 h5g6 g7g6 f3e4 g6g7 h3g4 d7f7 c2h2 g7h8 h2h5 b4e1 h5h3 e1b4 e4f5 b4d6 g4g5 d6e5 g3g4 f7g7 g5h4 e5f6 h4g3 f6g5 g3f3 g7e7 h3h1 e7e3 f3f2 h7h6 h1d1 e3e5 d1d7 h8g8 f5g6 g5e7 g6d3 e7g5 d3e2 g8f8 d7b7 g5d2 a2a3 d2c1 a3a4 c1d2 b7b5 e5e7 b5d5 d2b4 f2f3 e7f7 f3e4 f7e7 e4d3 e7g7 e2f3 g7c7 d3e4 c7e7 e4d4 e7f7 f3e2 f7f2 d4e3 f2f6 d5b5 f6e6 e3d3 b4e1 e2f3 e6f6 f3d5 f6f4 d3e2 e1b4 d5f3 f4f6 f3b7 b4c3 e2d3 c3e1 b7c8 f6f4 d3e2 e1c3 e2e3 f4f6 e3e4 c3d2 c8f5
Mar del Plata,Mar del Plata,1953.??.??,13,"Gligoric, Svetozar","Guimard, Carlos E",1-0,,,E16,d2d4 e7e6 g1f3 g8f6 c2c4 b7b6 g2g3 c8b7 f1g2 f8b4 c1d2 b4e7 b1c3 e8g8 e1g1 d7d5 c4d5 e6d5 d1b3 b8d7 a1d1 f8e8 f3e5 c7c6 e2e4 d7e5 d4e5 f6e4 c3e4 d5e4 d2c3 d8c8 g2e4 e7f8 b3c2 c8h3 d1d2 a8d8 f1d1 d8d2 c2d2 g7g6 d2d7 h3d7 d1d7 e8e7 d7d8 c6c5 e4b7 e7b7 f2f4 h7h5 h2h3 g8g7 g3g4 h5g4 h3g4 f8e7 e5e6 f7f6 d8e8 g6g5 f4f5 b6b5 b2b3 b5b4 c3e1 a7a5 e8c8 a5a4 e1f2 a4b3 a2b3 b7b5 g1g2 b5a5 g2f3 a5a3 f2c5 a3b3 f3e4 b3c3 c8c7 c3c5 c7e7 g7f8 e7f7 f8e8 f7f6 b4b3 f6h6 b3b2 h6h8 e8e7 h8b8 c5c2 b8b7 e7d6 e6e7 c2e2 e4d4 e2e7 b7b6 d6c7 b6b2 e7e1 d4d5 c7d8 b2b8 d8e7 b8g8 e1a1 g8g5 a1a4 g5g7 e7f6 g7g6 f6f7 d5e5 a4b4 g6f6 f7g7 g4g5 b4b5 e5f4 b5b4 f4g3 b4b3 g3g4 b3b4 g4h5 b4b1 f6d6 b1h1 h5g4 h1g1 g4f4 g1f1 f4e5 f1e1 e5d5 e1d1 d5c6 d1c1 c6d7 c1f1 f5f6 g7f7 g5g6 f7g6 d7e7 g6h7 d6d8 f1e1 e7f8 e1a1 f6f7 a1b1 f8e8 b1e1 e8d7 e1d1 d7c7
Mar del Plata,Mar del Plata,1953.??.??,13,"Medina Garcia, Antonio Angel","Steiner, Herman",1/2-1/2,,,C70,e2e4 e7e5 g1f3 b8c6 f1b5 a7a6 b5a4 f8b4 e1g1 g8e7 c2c3 b4a5 d2d4 e5d4 e4e5 e8g8 c1g5 d4c3 b1c3 a5c3 b2c3 d7d5 a4c6 b7c6 f3d4 f7f6 e5f6 g7f6 g5h6 f8f7 f1e1 g8h8 d1f3 c8d7 e1e3 a8b8 a1e1 e7g8 h6f4 f7g7 h2h3 d8c8 f3h5 a6a5 d4b3 b8b5 h5h4 a5a4 b3d4 b5b2 a2a3 c6c5 d4e6 d7e6 e3e6 b2b1 g1h2 b1e1 e6e1 d5d4 f4g3 c8d8 h4h5 g7g5 h5e8 d8e8 e1e8 c7c6 c3d4 c5d4 e8d8 g5d5 d8d5 c6d5 h2g1 h8g7 g1f1 g8e7 f1e2 e7c6 g3d6 c6a7 g2g4 a7b5 d6c5 g7g6 f2f4 f6f5 e2d3 f5g4 h3g4 h7h5 f4f5 g6f6 g4h5 f6f5 c5e7 f5e6 e7c5 e6f6 c5d4 f6g5 d4c5 g5h5 c5e7 h5g4 e7f8 g4f5 f8c5 f5e6 c5f8 e6d7 f8c5 b5d6 c5f2 d7c6 f2h4 d6c4 d3c3 c6b5 c3d4 c4a3 h4e7 a3c2 d4d5 c2b4 d5e4 b5c4 e4f3 a4a3 f3e2 c4c3 e2d1 b4d3 e7a3
Mar del Plata,Mar del Plata,1953.??.??,13,"Pilnik, Herman","Jauregui Andrade, Carlos",1-0,,,B02,e2e4 g8f6 e4e5 f6d5 b1c3 d5c3 b2c3 d7d5 d2d4 c8f5 g1e2 g7g6 e2g3 f5c8 h2h4 h7h5 a1b1 c7c5 d4c5 e7e6 c1g5 d8a5 f1b5 c8d7 b5d7 b8d7 e1g1 a5c3 b1b7 f8c5 g3e4 c3e5 e4c5 d7c5 b7e7 e8f8 d1f3 h8h7 g5f4 e5d4 f4d6 f8g8 c2c3 d4h4 d6c5 h4c4 c5d4 c4a2 f3f6 a2c2 e7f7
Mar del Plata,Mar del Plata,1953.??.??,13,"Shocron, Ruben","Burgalat, Francisco",1-0,,,D36,d2d4 d7d5 c2c4 e7e6 g1f3 g8f6 c1g5 f8e7 e2e3 h7h6 g5h4 e8g8 c4d5 e6d5 b1c3 c7c6 d1c2 b8d7 f1d3 f6h5 h4e7 d8e7 e1c1 e7f6 c1b1 b7b5 d1c1 d7b6 f3e5 g7g6 g2g4 h5g7 h2h4 b6c4 g4g5 h6g5 h4g5 f6d6 h1h6 c4e5 d4e5 d6e5 c1h1 g7h5 d3g6 f7g6 c2g6 e5g7 g6h5
Mar del Plata,Mar del Plata,1953.??.??,13,"Carvalho, Flavio","Bolbochan, Jacobo",1/2-1/2,,,A68,d2d4 g8f6 c2c4 g7g6 b1c3 f8g7 e2e4 e8g8 f2f4 d7d6 g1f3 c7c5 d4d5 e7e6 f1d3 e6d5 c4d5 a7a6 a2a4 b8d7 e1g1 f8e8 g1h1 b7b6 a1a2 c8b7 b2b3 f6h5 a2c2 d7f6 c2e2 a8a7 d1e1 b7c8 d3c4 b6b5 a4b5 a6b5 c3b5 a7a1 b5d6 d8d6 e4e5 d6d8 e5f6 e8e2 e1e2 g7f6 c1e3 c8g4 f1a1 f6a1 e2f1 g4f3 f1f3 d8a5 f3f2 h5f6 g2g3 f6g4 f2e2 g4e3 e2e3 g8f8 h1g2 a1d4 e3e2 a5d8 e2e4 d4f6 f4f5 f8g7 f5g6 h7g6 h2h4 d8d6 c4b5 f6e5 e4f3 d6d8 b5d3
Mar del Plata,Mar del Plata,1953.??.??,13,"Trifunovic, Petar","Maderna, Carlos",1-0,,,D66,d2d4 g8f6 c2c4 e7e6 b1c3 d7d5 c1g5 f8e7 e2e3 e8g8 a1c1 b8d7 g1f3 f8e8 f1d3 c7c6 e1g1 d5c4 d3c4 f6d5 g5e7 e8e7 c3e4 d7f8 d1e2 c8d7 f1d1 d7e8 e4c5 a8c8 c4b3 e7c7 f3e5 d8h4 g2g3 h4e7 e5d3 g8h8 e2f3 f7f6 e3e4 d5b6 e4e5 f6f5 d3f4 e8f7 h2h4 c8d8 a2a4 b6d7 f3e3 d7b8 a4a5 b7b6 a5b6 a7b6 c5a4 c7b7 a4c3 h7h6 g1g2 e7b4 c3e2 b7d7 c1c4 b4e7 d1a1 f8h7 a1h1 d8g8 c4a4 g7g5 h4g5 h6g5 f4h5 f7h5 h1h5 h8g7 a4a1 g7f8 h5h6 d7d5 b3d5 e6d5 e3a3 c6c5 a1h1 g8g7 a3a8 e7b7 a8b7
Mar del Plata,Mar del Plata,1953.??.??,13,"Letelier, Rene","Najdorf, Miguel",0-1,,,E86,d2d4 g8f6 c2c4 g7g6 b1c3 f8g7 e2e4 d7d6 f2f3 e8g8 c1e3 e7e5 g1e2 e5d4 e2d4 c7c6 d1d2 f8e8 e1c1 d6d5 d4c2 d8a5 b2b4 a5d8 c4d5 c6d5 e3g5 d8b6 e4d5 c8f5 f1d3 f5d3 d2d3 b8d7 g5e3 b6d8 h1e1 a7a5 d3b5 d8c7 e3d4 a5b4 b5b4 c7h2 e1e8 a8e8 b4b7 g7h6 c1b2 e8b8 b7b8 h2b8 b2a1 b8g3 a2a4 g3g2 c2b4 g2f3 a4a5 h6e3 a1b2 d7c5 d4e3 f3e3 b4c2 e3e5 d1d4 e5c7
Mar del Plata,Mar del Plata,1953.??.??,13,"Eliskases, Erich Gottlieb","Wexler, Bernardo",1/2-1/2,,,E24,d2d4 g8f6 c2c4 e7e6 b1c3 f8b4 g1f3 c7c5 a2a3 b4c3 b2c3 e8g8 d1c2 d7d5 c4d5 e6d5 e2e3 c5c4 f1e2 b8c6 e1g1 c8g4 f3e1 g4e2 c2e2 f6e4 e2c2 d8a5 c1b2 f8e8 e1f3 a8d8 a3a4 e8e6 f1e1 a5c7 f3d2 e4d2 c2d2 d8e8 d2c2 c6a5 b2c1 a5b3 a1a2 e6h6 h2h3 h6a6 f2f3 c7d7 e3e4 a6a4 c1f4 a4a2 c2a2 a7a5 a2f2 e8e6 e4d5 d7d5 e1e6 f7e6 f2g3 d5d7 h3h4 a5a4 f4d6 b3c1 g1f1 c1d3 h4h5 h7h6 f1g1 b7b5 d6a3 g8h8 g3b8 h8h7 b8a8 d7d5 a8d5 e6d5 g1f1 d3f4 g2g4 g7g6 h5g6 h7g6 f1f2 h6h5 f2e3 f4d3 g4h5 g6h5 e3e2 h5h4 a3d6 h4h3 d6a3 h3g2 e2e3 d3e1 f3f4 g2g3 f4f5 e1g2 e3d2 g2h4 f5f6 h4f3 d2c2 f3g5 a3c1 g5f7 c2b2 g3f3 b2a3 f3e4 a3b4 e4d3 b4b5 d3c3 b5a4 c3d4 a4b5 d4e5 c1b2 e5e6 b5c6 f7d6 b2c3 d6f5 c6c5 f5d6 c5c6
Mar del Plata,Mar del Plata,1953.??.??,13,"Bolbochan, Julio","Ojanen, Kaarle Sakari",1/2-1/2,,,C97,e2e4 e7e5 g1f3 b8c6 f1b5 a7a6 b5a4 g8f6 e1g1 f8e7 f1e1 b7b5 a4b3 d7d6 c2c3 e8g8 h2h3 c6a5 b3c2 c7c5 d2d4 d8c7 b1d2 c8d7 d2f1 f8e8 f1e3 e7f8 d4e5 d6e5 f3h2 d7e6 d1f3 a8d8 e3f5 f6d7 h2g4 g8h8 h3h4 a5c6 h4h5 h7h6 g1h1 c6e7 e1g1 c7c6 g4e3 e6f5 e3f5 e7f5 f3f5 c6f6 f5f6 d7f6 g2g4 f6h7 a2a4 e8e7 a4b5 a6b5 c1e3 e7d7 g1d1 d7d1 c2d1 h7g5 d1e2 d8b8 a1a7 h8g8 f2f4 e5f4 e3f4 b8e8 e4e5 g5e6 f4e3 e6g5 e3g5 h6g5 e2b5 e8e5 b5c4 e5e7 a7e7 f8e7 h1g2 g8f8 g2f3 g7g6 h5h6 f7f5 c4e6 e7d6 f3f2 f5g4
Mar del Plata,Mar del Plata,1953.??.??,14,"Ojanen, Kaarle Sakari","Cuellar Gacharna, Miguel",1-0,,,D02,g1f3 g8f6 g2g3 d7d5 f1g2 e7e6 e1g1 f8e7 d2d4 e8g8 b2b3 a7a5 a2a3 a5a4 b3b4 b8d7 b1d2 d7b6 c2c4 d5c4 d1c2 a8b8 d2c4 b6c4 c2c4 f6d5 c1b2 c8d7 f3e5 d7e8 a1c1 c7c6 e2e4 d5c7 f1d1 f7f6 e5d3 e8f7 c4c2 b8a8 d3c5 e7c5 c2c5 f8e8 c5b6 d8b8 g2f1 e8e7 d1d2 b8a7 b6c5 a7c5 d4c5 e6e5 f1e2 f7b3 e2d1 b3d1 c1d1 a8e8 g1f1 g8f7 f1e2 c7e6 e2e3 g7g5 f2f3 h7h5 d2d6 h5h4 g3g4 e8c8 e3d3 e7c7 d3c4 f7e7 b2c1 e6d4 f3f4 g5f4 c1f4 d4b5 f4c1 e7f7 d6d3 f7g6 h2h3 b5d4 c1e3 d4e2 d1e1 e2g3 e3f2 c7h7 e1e3 c8c7 f2g3 h4g3 e3g3 c7d7 b4b5 d7d3 g3d3 g6g5 b5b6 g5f4 d3d6 f4e4 d6f6 e4e3 g4g5 h7h4 c4c3 h4h3 g5g6 e3e4 c3c4 h3h1 g6g7 h1c1 c4b4 c1b1 b4a5 b1g1 f6f7 e4d4 f7b7 e5e4 b7e7 d4c5 b6b7
Mar del Plata,Mar del Plata,1953.??.??,14,"Najdorf, Miguel","Pilnik, Herman",1/2-1/2,,,E64,d2d4 g8f6 c2c4 g7g6 g2g3 f8g7 f1g2 e8g8 b1c3 d7d6 g1f3 c7c5 d4d5 b8a6 e1g1 a6c7 h2h3 c8d7 a2a4 b7b6 e2e4 a7a6 e4e5 f6e8 f1e1 d6e5 f3e5 e8d6 c1f4 a8b8 d1e2 f8e8 g3g4 b6b5 a4b5 a6b5 c3e4 d6e4 g2e4 b5c4 e2c4 d7b5 c4c5 d8d6 e5d3 d6c5 d3c5 b8c8 c5b7 b5d7 a1c1 c7a6 c1c8 e8c8 b2b3 a6b4 e1c1 f7f5 g4f5 g6f5
Mar del Plata,Mar del Plata,1953.??.??,14,"Steiner, Herman","Carvalho, Flavio",1-0,,,E31,d2d4 g8f6 c2c4 e7e6 b1c3 f8b4 c1g5 h7h6 g5h4 c7c5 d4d5 d7d6 e2e3 e6e5 f2f3 b4c3 b2c3 d8a5 d1c2 b8d7 e3e4 d7f8 h4f2 c8d7 f1d3 f8g6 g2g3 a7a6 g1e2 b7b5 e1g1 e8g8 f1b1 f8b8 f2e1 f6e8 c2d1 e8c7 e1d2 b5c4 d3c4 d7b5 d1b3 b5c4 b3c4 c7e8 e2c1 g6f8 a2a4 f8d7 c4a2 b8b1 a1b1 a8b8 c3c4 a5c7 c1b3 g8f8 g1f2 c7b7 f2e2 b7c8 b3a5 b8b1 a2b1 d7b8 e2f2 e8f6 b1b6 f6e8 a5c6 b8d7 b6a7 e8c7 d2a5 c7a8 a5d8 g7g5 a4a5 f8g7 g3g4 d7f8 a7e7 f8d7 d8b6 d7b6 a5b6 a8b6 c6d8
Mar del Plata,Mar del Plata,1953.??.??,14,"Wexler, Bernardo","Gligoric, Svetozar",0-1,,,E65,d2d4 g8f6 c2c4 g7g6 g2g3 f8g7 f1g2 e8g8 b1c3 d7d6 g1f3 c7c5 e1g1 b8c6 d4c5 d6c5 c1e3 d8a5 e3d2 a5d8 d2e3 d8a5 e3d2 a5d8 d2e3 c8e6 e3c5 d8a5 c5e3 e6c4 f3d4 a5h5 d4c6 b7c6 f2f3 f6d5 c3d5 c6d5 d1d2 h5e5 b2b3 c4e2 d2e2 d5d4 f3f4 e5e3 e2e3 d4e3 g2a8 g7a1 f1a1 f8a8 a1e1 a8c8 e1e3 c8c2 e3e7 c2a2 h2h3 g8g7 g1f1 g7f6 e7b7 h7h5 b7c7 f6e6 f1g1 a7a5 c7a7 f7f6 g3g4 e6d5 f4f5 h5g4 f5g6 g4h3 g6g7 a2g2 g1h1 d5e4 a7a5 g2g7 h1h2 f6f5 b3b4 f5f4 h2h3 f4f3 a5a2 e4f4 h3h2 g7h7 h2g1 f4g3 b4b5 h7d7 a2a1 d7d2 a1b1 d2g2
Mar del Plata,Mar del Plata,1953.??.??,14,"Maderna, Carlos","Medina Garcia, Antonio Angel",0-1,,,C50,e2e4 e7e5 g1f3 b8c6 f1c4 g8f6 b1c3 f8c5 d2d3 d7d6 c1g5 c6a5 c4b3 a5b3 a2b3 h7h6 g5e3 c5e3 f2e3 e8g8 e1g1 c7c6 d1e1 f6h5 f3h4 g7g6 d3d4 d8e7 h2h3 c8d7 e1f2 a7a6 g1h2 g8h7 g2g4 h5g7 f2g3 a8d8 h4f3 f7f6 a1d1 g6g5 h2g2 h6h5 d1d2 h5g4 h3g4 h7g6 f1d1 d7c8 c3a4 e7c7 c2c4 b7b5 a4c3 b5b4 c3e2 c6c5 d4d5 c7d7 f3h2 f8h8 e2g1 h8h6 d2f2 d8h8 g1f3 g7e8 d1g1 d7h7 g2f1 g6g7 f1e1 h6h3 g3g2 h7e4 e1d2 c8d7 g1a1 e8c7 g2g1 d7e8 g1f1 e8g6 a1c1 h3g3 f1e2 h8h3 e2f1 h3h2 f3h2 e4e3 d2d1 e3b3 d1e1 b3e3 e1d1 e3b3 d1e1 g6d3 f1h1 g3e3 e1d2 d3c4 c1c2 c7d5 h2f1 b3d3
Mar del Plata,Mar del Plata,1953.??.??,14,"Jauregui Andrade, Carlos","Shocron, Ruben",0-1,,,E39,d2d4 e7e6 c2c4 g8f6 b1c3 f8b4 d1c2 c7c5 d4c5 e8g8 a2a3 b4c5 e2e3 b7b6 g1f3 c8b7 f1e2 b8c6 e1g1 a8c8 f1d1 d8c7 b2b4 c5e7 c1b2 a7a5 c3b5 c7b8 b4a5 b6a5 a1c1 d7d6 f3g5 c6e5 f2f4 e5d7 b2c3 h7h6 g5f3 b7e4 c2b2 a5a4 c3b4 d7c5 c1c3 f8d8 f3e1 b8b7 e2f1 e4g6 e1f3 f6e4 c3c2 e7f6 f3d4 e6e5 g2g4 e5d4 e3d4 c5b3 f4f5 g6h7 f1g2 d6d5 g1h1 b7b8 c4d5 b8b5 g2e4 c8c2 b2c2 b3d4 c2c7 b5e2 d1e1 e2g4 b4c3 h7f5 e4g2 d4b5 c7c6 b5c3
Mar del Plata,Mar del Plata,1953.??.??,14,"Guimard, Carlos E","Letelier, Rene",1/2-1/2,,,D57,d2d4 d7d5 c2c4 e7e6 g1f3 g8f6 c1g5 f8e7 e2e3 e8g8 b1c3 h7h6 g5h4 f6e4 h4e7 d8e7 c4d5 e4c3 b2c3 e6d5 d1b3 f8d8 c3c4 d5c4 f1c4 b8c6 b3b2 c8g4 e1g1 g4f3 g2f3 c6a5 c4e2 c7c5 d4c5 a8c8 a1c1 c8c5 c1c5 e7c5 f1c1 c5d6 b2b1 b7b6 b1e4 d6d7 c1d1 d7c7 d1d8 c7d8 e2d3 g7g6 f3f4 d8d7 g1f1 a5b7 d3c2 b7c5 e4c4 d7h3 f1e2 h3h5 e2f1 h5h3 f1e2 h3h5
Mar del Plata,Mar del Plata,1953.??.??,14,"Burgalat, Francisco","Trifunovic, Petar",0-1,,,B76,e2e4 c7c5 g1f3 d7d6 d2d4 c5d4 f3d4 g8f6 b1c3 g7g6 f2f3 f8g7 c1e3 e8g8 d1d2 b8c6 e1c1 c6d4 e3d4 c8e6 c1b1 d8c7 g2g4 f8c8 h2h4 c7a5 c3d5 a5d2 d5f6 g7f6 d1d2 f6d4 d2d4 g8g7 g4g5 h7h6 f1h3 e6h3 h1h3 h6g5 h4g5 c8h8 h3h8 a8h8 a2a4 h8h5 d4c4 h5g5 c4c7 g5g3 c7b7 g3f3 b7a7 g6g5 a7a5 g7f6 a5a8 f6g7 b1a2 g5g4 a8a5 f7f5 a5d5 g4g3 d5d1 f5f4 a4a5 g3g2
Mar del Plata,Mar del Plata,1953.??.??,14,"Bolbochan, Jacobo","Rossetto, Hector",1/2-1/2,,,E55,d2d4 g8f6 c2c4 e7e6 b1c3 f8b4 e2e3 e8g8 f1d3 d7d5 g1f3 d5c4 d3c4 a7a6 e1g1 c7c5 d1e2 b8d7 f1d1 b7b5 c4d3 c5c4 d3c2 f6d5 c1d2 d5c3 b2c3 b4d6 a2a4 c8b7 e3e4 d8c7 e4e5 d6e7 f3e1 f8d8 e2g4 b7d5 e1f3
Mar del Plata,Mar del Plata,1953.??.??,14,"Bolbochan, Julio","Eliskases, Erich Gottlieb",1/2-1/2,,,D67,d2d4 d7d5 g1f3 g8f6 c2c4 e7e6 b1c3 f8e7 c1g5 b8d7 e2e3 e8g8 a1c1 c7c6 f1d3 d5c4 d3c4 f6d5 g5e7 d8e7 c3e4 d5f6 e4g3 e6e5 e1g1 e5d4 d1d4 d7b6 c4b3 c8e6 e3e4 a8d8 d4e3 f8e8 h2h3 e7b4 f1e1 e6b3 a2b3 b6d5 e3g5 h7h6 g5h4 d5e7 e4e5 b4h4 f3h4 f6d5 e1e4 a7a5 f2f4 d5b4 f4f5 b4d3 c1c2 e7d5 c2e2 d5f4 e2e3 g7g5 h4f3 d8d5 g3e2 f4e2 e3e2 d3c5 e4e3 g8f8 g1h2 e8d8 h2g3 d5d3 h3h4 c5b3 h4g5 h6g5 g3g4 d3e3 e2e3 b3d2 f3g5 d8d4 g4h5 d2c4 e3e1 c4b2 e5e6 b2d3 g5h7 f8e8 h7f6 e8e7 f6g8 e7e8 g8f6 e8e7
Mar del Plata,Mar del Plata,1953.??.??,15,"Trifunovic, Petar","Jauregui Andrade, Carlos",1-0,,,A80,d2d4 f7f5 c1g5 c7c5 e2e3 d8b6 b1c3 e7e6 a1b1 d7d5 g1f3 b8c6 f1b5 h7h6 g5h4 g7g5 h4g3 c5d4 f3d4 g8f6 g3e5 e8f7 d4c6 b7c6 b5e2 f8g7 e1g1 c8d7 c3a4 b6b4 c2c3 b4a5 b2b4 a5d8 a4c5 d8e7 d1d4 h6h5 c3c4 h5h4 b4b5 h4h3 c5d7 e7d7 b5c6 d7c6 c4d5 e6d5 f1c1 c6e6 c1c7 f7g6 b1b7 a8g8 g2g3 h8h7 b7a7 f6e8 c7g7 e8g7 a7a6 g8c8 a6e6 g7e6 d4b2 g5g4 f2f3 e6g5 f3g4 f5g4 e2g4 c8c6 b2b1 g5e4 b1f1 h7f7 g4h5 g6h6 h5f7
Mar del Plata,Mar del Plata,1953.??.??,15,"Shocron, Ruben","Najdorf, Miguel",0-1,,,E94,d2d4 g8f6 c2c4 g7g6 b1c3 f8g7 e2e4 e8g8 g1f3 d7d6 f1e2 e7e5 c1e3 b8d7 e1g1 f6g4 e3g5 f7f6 g5h4 g4h6 d1d2 h6f7 a1d1 c7c6 d4d5 a7a5 d2c2 d7c5 f3e1 c6d5 c3d5 c5e6 f2f3 e6d4 c2d3 f7g5 e1c2 g5e6 c2d4 e6d4 g2g4 c8e6 g1h1 e6d5 c4d5 d8b6 h4f2 f6f5 g4f5 g6f5 f1g1 g8h8 e4f5 b6b2 d1d2 b2b6 d3e4 b6c7 g1g7 c7g7 d2d4 e5d4 f2d4 f8f6 e4h4 a8f8 e2b5 h8g8 b5d7 g7d7 d4f6 d7f5 h4g3 f5g6 f6g5 f8f5 h2h4 h7h6
Mar del Plata,Mar del Plata,1953.??.??,15,"Cuellar Gacharna, Miguel","Bolbochan, Jacobo",1-0,,,D19,d2d4 d7d5 c2c4 c7c6 b1c3 g8f6 g1f3 d5c4 a2a4 c8f5 e2e3 e7e6 f1c4 f8b4 e1g1 e8g8 d1e2 f5g4 f1d1 b8d7 e3e4 a7a5 h2h3 g4h5 c1g5 b4e7 g2g4 h5g6 f3e5 d7e5 d4e5 f6d7 g5e3 e7b4 f2f4 b4c3 b2c3 g6e4 e3c5 e4d5 c5f8 g8f8 c4a2 d8h4 e2e3 d7b6 d1d3 d5a2 e3b6 a2d5 a1d1 a8e8 f4f5 d5e4 b6d8 h4d8 d3d8 c6c5 g1f2 e4c6 d8e8 f8e8 f2e3 h7h6 d1d2 e8e7 h3h4
Mar del Plata,Mar del Plata,1953.??.??,15,"Letelier, Rene","Wexler, Bernardo",1/2-1/2,,,D38,d2d4 g8f6 c2c4 e7e6 g1f3 d7d5 b1c3 f8b4 d1a4 b8c6 f3e5 c8d7 e5d7 f6d7 e2e3 d7b6 a4b3 d5c4 f1c4 b6c4 b3c4 e8g8 e1g1 b4c3 b2c3 d8d5 c4e2 c6a5 c1a3 f8c8 a1b1 f7f5 b1b5 d5c4 e2b2 b7b6 e3e4 c4d3 b2b1 d3b1 f1b1 a5c4 a3c1 f5e4 b5b4 c4d6 c1f4 g8f7 b1e1 f7e7 b4b2 c8f8 f4g3
Mar del Plata,Mar del Plata,1953.??.??,15,"Medina Garcia, Antonio Angel","Burgalat, Francisco",1-0,,,C50,e2e4 e7e5 g1f3 b8c6 f1c4 g8f6 d2d3 f8c5 b1c3 d7d6 c1e3 c5b6 d1d2 d8e7 e3g5 b6a5 a2a3 c8e6 b2b4 a5b6 c3d5 e6d5 e4d5 c6d8 f3h4 e7d7 g5f6 g7f6 d2h6 d7g4 h6f6 h8g8 c4b5 e8f8 c2c3 c7c6 f6d6 f8g7 d6e5 f7f6 h4f5 g7g6 f5e7 g6g7 e7f5 g7g6 f5e7 g6g7 e5e4 g4e4 d3e4 c6b5 e7g8 g7g8 f2f4 d8f7 e1e2 a8d8 h1d1 f7d6 e2f3 d6c4 a1a2 g8f7 g2g4 h7h5 g4h5 d8h8 h2h4 h8h5 d1h1 a7a6 a2e2 b6c7 h1h3 c7d6 e2g2 c4b6 f3g4 f7g6 h3g3 h5h6 h4h5 h6h5 g4f3 g6f7 g3g7 f7f8
Mar del Plata,Mar del Plata,1953.??.??,15,"Pilnik, Herman","Guimard, Carlos E",1-0,,,C41,e2e4 e7e5 g1f3 d7d6 d2d4 g8f6 b1c3 b8d7 h2h3 c7c6 c1e3 f8e7 d1d2 d8c7 f1e2 h7h6 a2a3 d7f8 d4d5 g7g5 e1c1 f8g6 g2g3 c8d7 h3h4 g5g4 f3e1 h6h5 e1g2 c6c5 e3g5 a7a6 g2e3 b7b5 f2f3 b5b4 c3b1 g4f3 e2f3 a6a5 d1f1 f6g8 e3c4 d7b5 f3e2 a8b8 g5e7 g6e7 f1f2 f7f6 h1f1 e7c8 d2e3 b5c4 e2c4 c7h7 b1d2 h7h6 e3h6 h8h6 c4e2 c8b6 f2f5 b4a3 b2a3 b6a4 e2h5 e8f8 f1f3 f8e7 d2c4 e7d7 h5f7 a4b6 c4b6
Mar del Plata,Mar del Plata,1953.??.??,15,"Rossetto, Hector","Steiner, Herman",1-0,,,D36,d2d4 d7d5 c2c4 e7e6 g1f3 g8f6 c1g5 b8d7 c4d5 e6d5 b1c3 c7c6 e2e3 f8e7 d1c2 d7f8 f1d3 g7g6 e1g1 f8e6 g5h4 e8g8 a1b1 e6g7 b2b4 a7a6 a2a4 g7f5 h4g5 f6e8 g5e7 f5e7 b4b5 a6b5 a4b5 e8d6 b5c6 b7c6 c3a4 c8a6 d3a6 a8a6 a4c5 a6a7 f3e5 d8c8 b1a1 c8a8 a1a7 a8a7 c2e2 d6e4 c5e4 d5e4 e2c2 a7b7 c2e4 e7d5 f1c1 f8a8 h2h4 b7e7 e4f3 a8a2 h4h5 d5c3 c1c3 a2a1 g1h2 e7h4 f3h3 h4f2 h3c8 g8g7 h5h6
Mar del Plata,Mar del Plata,1953.??.??,15,"Carvalho, Flavio","Maderna, Carlos",0-1,,,C73,e2e4 e7e5 g1f3 b8c6 f1b5 a7a6 b5a4 d7d6 a4c6 b7c6 d2d4 f7f6 b1c3 g7g6 d1d3 c8e6 c1e3 g8h6 h2h4 h6g4 e3d2 h7h5 f3h2 f8h6 h2g4 h6d2 d3d2 e6g4 f2f3 g4e6 e1c1 d8e7 d4d5 c6d5 c3d5 e7f7 c2c4 a8d8 d2a5 e8g8 b2b3 d8c8 c1b2 f6f5 d5c3 c8b8 b2a1 b8b6 d1d2 g8g7 h1d1 f7e7 c3d5 e6d5 d2d5 f5e4 f3e4 e7h4 c4c5 b6c6 c5d6 c7d6 d5d6 c6d6 a5c7 f8f7 c7d6 h4e4 d1d2 h5h4 a1b2 a6a5 d6c5 a5a4 b3b4 e4e1 b2c2 e1a1 c5c4 a4a3 c2b3 a1b1 b3a4 f7a7 a4b5 b1f5 b5b6 a7e7 b4b5 e5e4 c4d4 f5f6 d4f6 g7f6 b6c6 e4e3 d2e2 f6f5 c6d5 f5f4 b5b6 e7e8 b6b7 e8b8 d5c6 f4e4 e2c2 e4d3 c2c5 e3e2 c5e5 d3d2 e5d5 d2e3
Mar del Plata,Mar del Plata,1953.??.??,15,"Gligoric, Svetozar","Bolbochan, Julio",0-1,,,E95,d2d4 g8f6 c2c4 g7g6 b1c3 f8g7 e2e4 d7d6 g1f3 e8g8 f1e2 e7e5 e1g1 b8d7 f1e1 f8e8 e2f1 c7c6 d4d5 c6c5 g2g3 e8f8 f3h4 f6e8 a2a3 h7h6 b2b4 g8h7 d1c2 b7b6 c1d2 g7f6 h4g2 c8a6 g2e3 e8c7 e1b1 d8e7 a3a4 c5b4 b1b4 a6b7 a4a5 c7a6 b4b1 a6c5 c3b5 b6a5 d2a5 a7a6 b5c3 f6g5 c3a4 c5a4 b1b7 a4c5 b7b1 g5e3 f2e3 f8b8 f1g2 h7g7 h2h4 b8b1 a1b1 a8b8 b1b8 d7b8 a5b4 e7c7 c2a2 h6h5 a2a3 b8d7 g2f3 c7b6 g3g4 h5g4 f3g4 d7f6 g4f3 c5d3 b4d2 b6b1 g1g2 d3c5 a3b4 b1c2 b4c3 c2a2 c3a5 a2c4 h4h5 c5b3 a5d8 b3d2
Mar del Plata,Mar del Plata,1953.??.??,15,"Eliskases, Erich Gottlieb","Ojanen, Kaarle Sakari",1/2-1/2,,,C97,e2e4 e7e5 g1f3 b8c6 f1b5 a7a6 b5a4 g8f6 e1g1 f8e7 f1e1 b7b5 a4b3 d7d6 c2c3 e8g8 h2h3 c6a5 b3c2 c7c5 d2d4 d8c7 b1d2 c8d7 d2f1 f8e8 f1e3 e7f8 d4e5 d6e5 f3h2 d7e6 d1f3 a5c6 h2g4 f6d7 e3d5 c7b7 g4e3 a8d8 a2a4 d7b6 a4b5 a6b5 f3e2 b6a8 e1d1 d8d7 h3h4 a8c7 h4h5 g8h8 c1d2 h7h6 d2e1 e8a8 f2f3 a8a1 d1a1 c7a6 g2g4 c5c4 b2b3 c4b3 c2b3 a6c5 b3c2 b7b8 a1b1 d7b7 e1f2 b5b4 d5b4 c6b4 c3b4 b7b4
Mar del Plata,Mar del Plata,1953.??.??,16,"Wexler, Bernardo","Pilnik, Herman",1/2-1/2,,,D72,d2d4 g8f6 c2c4 g7g6 g2g3 d7d5 c4d5 f6d5 f1g2 f8g7 e2e4 d5b6 g1e2 c7c5 d4d5 e8g8 e1g1 b8a6 b1c3 e7e6 e2f4 e6e5 f4h3 b6c4 d1e2 c4d6 f2f4 e5f4 c1f4 f8e8 e4e5 d6f5 a1e1 a6b4 e2d2 c5c4 h3f2 d8b6 c3a4
Mar del Plata,Mar del Plata,1953.??.??,16,"Najdorf, Miguel","Trifunovic, Petar",1/2-1/2,,,E99,d2d4 g8f6 c2c4 g7g6 b1c3 f8g7 e2e4 d7d6 g1f3 e8g8 f1e2 e7e5 e1g1 b8c6 d4d5 c6e7 f3e1 f6d7 c1e3 f7f5 f2f3 f5f4 e3f2 g6g5 e1d3 d7f6 c4c5 e7g6 a1c1 f8f7 c5d6 c7d6 c3b5 g5g4 d1d2 g7f8 c1c2 a7a6 b5a3 g4f3 e2f3 f6g4 a3c4 g4f2 d2f2 g6h4 c4b6 h4f3 g2f3 c8h3 b6a8 f7g7 g1h1 h3f1 f2f1 d8a8 b2b3 a8d8 c2g2 d8c8 d3f2 c8c3 f2h3 f8e7 h3g1 c3c8 g2g7 g8g7 f1g2 g7f7 g2g4 c8g4 f3g4 h7h5 h2h3 h5g4 h3g4 f7g6 g1f3 e7d8 h1g2 b7b5
Mar del Plata,Mar del Plata,1953.??.??,16,"Ojanen, Kaarle Sakari","Bolbochan, Jacobo",1/2-1/2,,,A04,g1f3 g8f6 g2g3 g7g6 f1g2 f8g7 e1g1 e8g8 d2d3 c7c5 b1d2 b8c6 e2e4 d7d6 c2c3 c8d7 f1e1 a8c8 d2f1 b7b5 d3d4 c5d4 c3d4 d6d5 e4e5 f6e8 f1e3 e8c7 h2h3 g8h8 e3g4 c7e6 c1e3 f7f5 e5f6 e7f6 d1d2 d8a5 a1d1 a5d2 d1d2 f8e8 e3h6 g7h6 g4h6 h8g7 h6g4 e6d4 e1e8 d4f3 g2f3 d7e8 d2d5 h7h5 g4e3 c6e5 f3e2 c8c1 d5d1 c1d1 e3d1
Mar del Plata,Mar del Plata,1953.??.??,16,"Bolbochan, Julio","Letelier, Rene",1/2-1/2,,,E07,d2d4 d7d5 g1f3 g8f6 c2c4 e7e6 b1c3 f8e7 g2g3 e8g8 f1g2 d5c4 e1g1 b8d7 d1c2 a7a6 f1d1 f8e8 f3e5 c7c5 d4c5 d8c7 e5c4 e7c5 c1e3 c5e3 c4e3 d7e5 c2b3 a8b8 a1c1 c7a5 c3e4 f6e4 g2e4 c8d7 e3c4 e5c4 d1d7 b7b5 e4d3 c4e5 d7d6 e8d8 d6d8 b8d8 b3c3 a5c3 c1c3 e5d3 e2d3 g8f8 c3c6 a6a5 c6a6 a5a4 a6b6 d8d3 b6b5 a4a3
Mar del Plata,Mar del Plata,1953.??.??,16,"Guimard, Carlos E","Shocron, Ruben",0-1,,,A49,d2d4 g8f6 b1d2 d7d6 g1f3 g7g6 g2g3 f8g7 f1g2 e8g8 e1g1 b8c6 c2c3 e7e5 e2e4 c8g4 d1c2 d8d7 f1e1 f8e8 d4d5 c6d8 c3c4 c7c5 a2a3 e8f8 b2b4 f6h5 b4c5 d6c5 c1b2 f7f6 a3a4 a8c8 a4a5 d8f7 c2a4 d7e7 d2f1 c8c7 f1e3 g4d7 a4d1 f7d6 f3d2 e7f7 g2f3 d7h3 a1a3 g7h6 f3g4 h3g4 d1g4 g8h8 e1f1 c7e7 g4e2 h6g7 f2f3 f6f5 g1g2 f7e8 a3a1 h8g8 e3d1 g7h6 d2b3 e8c8 d1f2 h5f6 b2c1 h6c1 a1c1 f5f4 f2d3 f4g3 b3c5 g3h2 c5e6 e7e6 d5e6 c8e6 c4c5 d6f7 g2h1 f6h5 e2h2 f7g5 a5a6 e6a6 d3e5 g5e4 f1g1 a6e2 f3e4 e2e4 g1g2 f8f4 c5c6 f4h4 c6b7 h5g3 h1g1 e4e3 g2f2 e3c1 g1g2 h4h2 g2h2 c1h1 h2g3 h1b7 f2d2 b7c7 d2d5 g8f8 g3f3 f8e7 e5d3 c7c6 f3e4 g6g5 e4d4 c6b6 d4e4 b6g6 d5f5 e7e6 d3c5 e6d6 c5b7 d6c6 b7d8 c6d7 d8f7 g6e6 f7e5 d7d6 f5g5 e6d5
Mar del Plata,Mar del Plata,1953.??.??,16,"Eliskases, Erich Gottlieb","Gligoric, Svetozar",0-1,,,E99,d2d4 g8f6 c2c4 g7g6 b1c3 f8g7 e2e4 d7d6 g1f3 e8g8 f1e2 e7e5 e1g1 b8c6 d4d5 c6e7 f3e1 f6d7 c1e3 f7f5 f2f3 f5f4 e3f2 g6g5 e1d3 d7f6 c4c5 e7g6 a1c1 f8f7 d1b3 g5g4 f3g4 f6g4 e2g4 c8g4 b3b7 f4f3 f2e3 g6f4 e3f4 e5f4 g2f3 g4h3 g1h1 h3f1 c1f1 g7d4 e4e5 d6e5 c3e2 a8b8 b7c6 d8f6 e2d4 e5d4 d5d6 c7d6 c6d5 g8h8 c5d6 f7g7 d6d7 b8d8 d3e5 d8d7 e5d7 f6g6 d5a8 g7g8 a8g8 g6g8 b2b3 g8g5 f1e1 d4d3 d7e5 d3d2 e5f7 h8g7 e1d1 g5h4 h1g2 h4e1
Mar del Plata,Mar del Plata,1953.??.??,16,"Jauregui Andrade, Carlos","Medina Garcia, Antonio Angel",0-1,,,E86,d2d4 g8f6 c2c4 g7g6 b1c3 f8g7 e2e4 d7d6 f2f3 e8g8 c1e3 e7e5 g1e2 e5d4 e2d4 c7c6 d1d2 d6d5 e4d5 c6d5 e1c1 f8e8 c1b1 b8c6 c4c5 d8e7 e3f2 c6d4 f2d4 b7b6 c5b6 a7b6 d4b6 d5d4 b6d4 e8d8 f1b5 c8f5 b1a1 e7b4 b5c6 a8c8 a2a3 d8d4 d2d4 b4d4 d1d4 c8c6 d4d8 g7f8 c3b5 c6b6 b5d4 f5d7 h1c1 b6d6 d4c6 d6c6 c1c6 d7c6 b2b4 g8g7 a1b2 f8e7 d8c8 c6d7 c8c1 g7f8 b2b3 f6d5 c1d1 d7a4
Mar del Plata,Mar del Plata,1953.??.??,16,"Maderna, Carlos","Rossetto, Hector",1-0,,,D74,d2d4 g8f6 c2c4 g7g6 g2g3 f8g7 f1g2 d7d5 c4d5 f6d5 g1f3 e8g8 e1g1 c7c6 b1c3 b8d7 c3d5 c6d5 d1b3 d7b6 c1f4 c8d7 f3e5 a8c8 f1c1 e7e6 c1c8 d7c8 a1c1 g6g5 f4d2 f7f6 e5d3 b6c4 d2b4 f8e8 e2e4 b7b6 e4d5 e6d5 b3a4 e8e2 g2f3 c4b2 d3b2 e2b2 f3d5 g8h8 b4a3 c8d7 a4c4 b2d2 d5e6 d7e8 d4d5 h7h5 c4c8 d2d1 c1d1
Mar del Plata,Mar del Plata,1953.??.??,16,"Steiner, Herman","Cuellar Gacharna, Miguel",0-1,,,E81,d2d4 g8f6 c2c4 g7g6 b1c3 f8g7 e2e4 e8g8 g1e2 d7d6 f2f3 e7e5 c1g5 c7c6 d1d2 f8e8 e1c1 b8d7 d4d5 c6c5 g2g4 a7a6 h2h4 b7b5 e2g3 b5c4 g5h6 d7f8 h4h5 g7h8 f1c4 a8b8 d1g1 e8e7 g3f5 e7b7 c3d1 b7b4 d2c2 c8d7 h6d2 d7f5 g4f5 b4b7 c4a6 b7a7 a6c4 h8g7 h5h6 g7h8 d2g5 f8d7 d1e3 g8f8 f5g6 f7g6 g1f1 d8b6 h1h2 f6h5 c2c3 f8g8 f1g1 h5f4 e3f5 h8f6 f5e7 f6e7 g5e7 g8f7 e7g5 b6b4 c1c2 b4c3 c2c3 d7b6 b2b3 b6c4 c3c4 b8a8 g5f4 e5f4 g1g4 f7f6 g4f4 f6e5 h2h4 a7b7 f4g4 a8a2 g4g6 h7g6 h6h7 a2c2 c4d3 b7h7 h4h7 c2c1 h7e7 e5f4 e7e6 c1d1 d3e2 d1b1 e6f6 f4e5 f6g6 b1b2 e2e3 b2b3 e3f2 c5c4 f2g3 c4c3 g6e6 e5d4 e6d6 c3c2
Mar del Plata,Mar del Plata,1953.??.??,16,"Burgalat, Francisco","Carvalho, Flavio",1-0,,,E48,d2d4 g8f6 c2c4 e7e6 b1c3 f8b4 e2e3 e8g8 f1d3 d7d5 c4d5 e6d5 g1e2 f8e8 e1g1 b8c6 e2f4 c6e7 f4h5 f6h5 d1h5 g7g6 h5d1 c7c6 c1d2 b4d6 a1c1 e7f5 c3e2 d6f8 b2b4 a7a6 a2a4 f5d6 b4b5 a6b5 a4b5 c8d7 b5c6 b7c6 e2c3 d8h4 d1f3 f7f5 c1a1 d6e4 d3e4 f5e4 f3e2 f8d6 g2g3 h4h3 f2f3 a8a1 f1a1 e4f3 e2f3 e8f8 f3g2 h3h5 a1f1 d7h3 f1f8 d6f8 g2f2 f8d6 e3e4 d5e4 c3e4 d6e7 f2e3 h5d1 d2e1 g8g7 e4f2
Mar del Plata,Mar del Plata,1953.??.??,17,"Pilnik, Herman","Bolbochan, Julio",1/2-1/2,,,C98,e2e4 e7e5 g1f3 b8c6 f1b5 a7a6 b5a4 g8f6 e1g1 f8e7 f1e1 b7b5 a4b3 d7d6 c2c3 e8g8 h2h3 c6a5 b3c2 c7c5 d2d4 d8c7 b1d2 a5c6 d4c5 d6c5 d2f1 h7h6 f3h4 c8e6 d1f3 f6h7 h4f5 e7g5 c1g5 h7g5 f3e3 c6e7
Mar del Plata,Mar del Plata,1953.??.??,17,"Shocron, Ruben","Wexler, Bernardo",1-0,,,B93,e2e4 c7c5 g1f3 d7d6 d2d4 c5d4 f3d4 g8f6 b1c3 a7a6 f2f4 e7e5 d4f3 b8d7 f1d3 f8e7 e1g1 e8g8 d1e1 b7b5 c3e2 c8b7 e2g3 f8e8 f4e5 d6e5 g3f5 e7f8 c1g5 h7h6 g5d2 g8h8 d2a5 d8c8 a5b4 c8c6 b4f8 d7f8 f3h4 f8g6 h4g6 f7g6 f5g3 e8f8 h2h3 f6d7 e1b4 d7c5 b4c3 c6d6 a1d1 c5e6 g1h2 a8c8 f1f8 c8f8 d1d2 e6d4 c3a5 d6c5 c2c3 d4c6 a5c7 c5e7 c7e7 c6e7 d3b5 e7g8 b5c4 g8f6 c4d5 f8d8 c3c4 a6a5 d2e2 b7c8 e2c2 h6h5 b2b3 g6g5 a2a3 h5h4 g3e2 g5g4 b3b4 g7g5 h3g4 a5b4 a3b4 f6g4 h2g1 g4e3 c2c3 e3d5 e4d5 c8g4 c3e3 d8b8 e3e4 g4e2 e4e2 b8b4 c4c5 b4c4 c5c6 e5e4 g1f2 h8g7 e2d2 g7f7 d5d6 f7e8 d6d7 e8d8 d2d6
Mar del Plata,Mar del Plata,1953.??.??,17,"Letelier, Rene","Eliskases, Erich Gottlieb",1/2-1/2,,,E95,d2d4 g8f6 c2c4 g7g6 b1c3 f8g7 e2e4 d7d6 g1f3 e8g8 f1e2 e7e5 e1g1 b8d7 f1e1 f8e8 e2f1 c7c6 d4d5 c6c5 g2g3 h7h6 f3h4 d7f8 c1d2 g8h7 a2a3 f6g8 d1c2 g7f6 h4g2 c8h3 b2b4 b7b6 b4c5 b6c5 a1b1 e8e7 b1b2 h7g7 g2e3 d8c8 f1e2 f8h7 e1b1 f6g5 c2a4 h7f6 f2f3 f6e8 c3d1 h3d7 a4c2 f7f5 e4f5 g6f5 e2d3 e7f7 e3g2 g8e7 d1f2 e7g6 c2c1 c8d8 b2b7 g5d2 c1d2 d8f6 d3c2 g7h7 b1b3 e8g7 b7c7 d7a4 b3b7 f7c7 b7c7 a4c2 d2c2 f6d8 c7b7 a8b8 b7b8 d8b8 f2d1 b8e8 d1c3 e8e7 g1f2
Mar del Plata,Mar del Plata,1953.??.??,17,"Trifunovic, Petar","Guimard, Carlos E",1-0,,,C73,e2e4 e7e5 g1f3 b8c6 f1b5 a7a6 b5a4 d7d6 a4c6 b7c6 d2d4 f7f6 c1e3 g8e7 b1c3 a8b8 d1d3 e7g6 e1c1 f8e7 h2h4 c8d7 h4h5 g6f8 f3h4 d8c8 h4f5 d7f5 e4f5 d6d5 f2f3 c8b7 b2b3 c6c5 d4e5 d5d4 h5h6 h8g8 d3c4 b7b4 c4g8 b4c3 c1b1 d4e3 e5e6
Mar del Plata,Mar del Plata,1953.??.??,17,"Medina Garcia, Antonio Angel","Najdorf, Miguel",1/2-1/2,,,B91,e2e4 c7c5 g1f3 d7d6 d2d4 c5d4 f3d4 g8f6 b1c3 a7a6 g2g3 e7e5 d4e2 f8e7 f1g2 e8g8 e1g1 b8d7 a2a4 b7b6 c3d5 f6d5 d1d5 a8a7 c1e3 a7c7 e2c3 d7c5 d5d2 c8b7 f1d1 d8a8 c3d5 b7d5 d2d5 a8d5 d1d5 a6a5
Mar del Plata,Mar del Plata,1953.??.??,17,"Rossetto, Hector","Burgalat, Francisco",1-0,,,E68,d2d4 g8f6 c2c4 d7d6 g2g3 g7g6 f1g2 f8g7 b1c3 e8g8 g1f3 b8d7 e1g1 e7e5 e2e4 f8e8 d4d5 d7c5 d1c2 a7a5 b2b3 c7c6 c1g5 h7h6 g5e3 c5a6 d5c6 b7c6 f1d1 d8c7 a1c1 f6g4 e3d2 a6c5 h2h3 g4f6 d2e3 g8h7 f3e1 c5e6 f2f4 f6h5 c2f2 c8b7 f4f5 e6d4 g3g4 h5f6 e1f3 c6c5 f3d2 g6g5 f2g3 f6d7 g1f2 g7f6 d1h1 h7g7 g2f1 b7c6 f1d3 e8h8 g3g2 a8g8 d2f1 f6d8 f1g3 f7f6 h3h4 d7b6 c3d5 c7a7 h4g5 h6g5 h1h8 g8h8 c1h1 c6e8 e3d4 c5d4 h1h2 g7g8 f2e1 a7g7 g2h1 h8h2 h1h2 b6d7 e1d2 d7c5 d3c2 g7h7 h2h7 g8h7 a2a3 e8c6 b3b4 a5b4 a3b4 c5d7 g3e2 h7g8 e2c1 g8f8 c1d3 d7b6 d3b2 f8e8 c2b3 e8d7 d2c2 d7c8 c2b1 c8b7 b1a2 b6d7 b3c2 d7b6 a2b3 b7a7 c2d1 c6b7 d1f3 b7a6 f3e2 a6b7 e2d3 b7c6 b3a3 c6b7 b2d1 b7c6 d1f2 b6a4 f2h1 c6d5 e4d5 a4c3 h1g3 a7b6 d3c2 d8e7 a3b2 e7d8 c2b3 d8e7 b2c2 e7d8 c2d3 d8e7 g3h5 c3b1 h5g7 b6c7 g7e8 c7d8 e8g7 d8c7 c4c5 d6c5 b4c5 e7c5 g7e8 c7b6 e8f6 b1c3 f6d7 b6b5 d7e5
Mar del Plata,Mar del Plata,1953.??.??,17,"Gligoric, Svetozar","Ojanen, Kaarle Sakari",1-0,,,E60,c2c4 g8f6 g1f3 g7g6 b2b3 f8g7 c1b2 e8g8 e2e3 d7d6 d2d4 b8d7 d1c2 f8e8 b1c3 e7e5 f1e2 c7c6 e1g1 e5d4 f3d4 d7b6 a1d1 d6d5 c4d5 b6d5 c3d5 f6d5 e2f3 d8a5 d4c6 b7c6 b2g7 g8g7 c2c6 d5c7 d1c1 e8e7 c1c5 a5b4 c6d6 e7d7 d6e5 f7f6 e5c7 a8b8 c7a5 c8a6 a5b4 b8b4 f1c1 g7f7 c5c7 f7e7 c7d7 e7d7 c1c6 b4b6 c6b6 a7b6 f3e4 d7d6 f2f4 d6c5 a2a3 a6b5 g1f2 b5e8 e4d3 h7h6 f2e2 g6g5 g2g3 e8d7 e2d2 g5f4 g3f4 d7e8 d2c3 e8d7 b3b4 c5d5 e3e4 d5d6 c3d4 d7c6 d3c2 c6e8 a3a4 e8c6 a4a5 b6a5 b4a5 d6c7 e4e5 f6e5 d4e5
Mar del Plata,Mar del Plata,1953.??.??,17,"Cuellar Gacharna, Miguel","Maderna, Carlos",1/2-1/2,,,C97,e2e4 e7e5 g1f3 b8c6 f1b5 a7a6 b5a4 g8f6 e1g1 f8e7 f1e1 b7b5 a4b3 e8g8 c2c3 d7d6 h2h3 c6a5 b3c2 c7c5 d2d4 d8c7 d4e5 d6e5 b1d2 f8d8 d1e2 h7h6 f3h4 e7f8 e2f3 f6h7 d2f1 a5c6 h4f5 c6e7 f1e3 e7f5 e3f5 g8h8 f3g3 c5c4 c1e3 c8e6 e3d4 f7f6 d4e3 d8d7 a1d1 a8d8 f5h4 e6f7 h4g6 f7g6 g3g6 f8c5 d1d7 d8d7 g6e8 h7f8 e3c5 c7c5 e1d1 d7d1 c2d1 c5d6 d1g4 h8g8 h3h4 g7g6 h4h5 g6h5 g4f5 g8g7 g1h2 h5h4 h2h3 d6c5 h3g4 c5f2 e8e7 g7g8 e7f6 f2g2 g4h5 h4h3 f5e6 f8e6 f6e6 g8h7 e6h6 h7g8 h6e6 g8h7 e6f5 h7g8 f5c8 g8h7 c8f5 h7g8 f5c8 g8h7 c8f5 h7g8
Mar del Plata,Mar del Plata,1953.??.??,17,"Carvalho, Flavio","Jauregui Andrade, Carlos",1-0,,,B25,e2e4 c7c5 b1c3 d7d6 g2g3 g7g6 f1g2 f8g7 g1e2 b8c6 e1g1 g8f6 d2d3 e8g8 h2h3 d8a5 c1e3 e7e5 f2f4 c6d4 g3g4 a8b8 f4f5 h7h6 e2g3 g6g5 f1f2 b7b5 a2a3 a5d8 g2h1 a7a5 c3d5 a5a4 f2h2 c8d7 d5f6 g7f6 g3h5 f6g7 d1f1 f7f6 c2c3 d4b3 a1d1 b5b4 h3h4 g5h4 h2h4 f8f7 h5g7 f7g7 e3h6 g7h7 f1h3 d8e7 h1f3 b4a3 b2a3 b3a5 h3g2 g8h8 h4h3 b8g8 d1b1 a5b3 g1f2 d6d5 b1h1 d7f5 e4f5 e5e4 h6f8 e4e3 f2e1 g8f8 h3h7 e7h7 h1h7 h8h7 f3d5
Mar del Plata,Mar del Plata,1953.??.??,17,"Bolbochan, Jacobo","Steiner, Herman",1/2-1/2,,,C70,e2e4 e7e5 g1f3 b8c6 f1b5 a7a6 b5a4 f8b4 c2c3 b4a5 e1g1 g8e7 d2d4 e5d4 f3d4 e8g8 a4b3 c6d4 d1d4 a5b6 d4d1 e7g6 b1d2 d8h4 b3c2 g6e5 d2f3 e5f3 d1f3 d7d6 f3f4 h4h5 c1e3 b6e3 f4e3 f7f5 f2f4 f5e4 c2e4 d6d5 e4f3 h5f7 a1e1 c7c6 e3d4 c8d7 f1f2 a8e8 e1e8 f8e8 f2e2 f7f5 e2e8 d7e8 d4b4 f5d7 a2a4 b7b5 a4b5 a6b5 b4d4 d7f5 b2b4 h7h5 h2h4 e8g6 g1f2 g6f7 f2g3 f7e6 d4e5 g7g6 e5f5 e6f5 g3f2 g8f7 f2e3 f7e6 e3d4 e6d6 f3e2 f5d7 e2d3 d7f5 d3e2
Mar del Plata,Mar del Plata,1953.??.??,18,"Jauregui Andrade, Carlos","Rossetto, Hector",1/2-1/2,,,A43,d2d4 c7c5 d4d5 d7d6 b1c3 e7e5 d5e6 f7e6 e2e4 b8c6 g1f3 g8f6 c1g5 f8e7 d1d2 d8a5 f1b5 c8d7 e1g1 a7a6 b5c6 d7c6 e4e5 c6f3 e5d6 e8c8 d2e3 e7d6 e3f3 a5c7 g2g3 h8f8 f1e1 d8e8 c3e4 f6e4 f3e4 h7h6 g5d2 c7f7 e1e2 f7f5 a1e1 f5e4 e2e4 c8d7 d2c3 f8f7 h2h4 b7b5 e4g4 d6f8 b2b3 e8c8 g1g2 c8c6 c3e5 h6h5 e1d1 d7e8 g4e4 f7d7
Mar del Plata,Mar del Plata,1953.??.??,18,"Wexler, Bernardo","Trifunovic, Petar",1/2-1/2,,,A44,d2d4 c7c5 d4d5 e7e5 e2e4 d7d6 g1f3 g7g6 f1d3 f8g7 e1g1 g8h6 b1c3 e8g8 a2a4 b8d7 c3b5 d7b8 c2c3 a7a6 b5a3 f7f6 a3c4 h6f7 d1c2 a6a5 c1d2 g7h6 h2h3 h6d2 f3d2 b7b6 f2f4 e5f4 f1f4 c8a6 c4e3 a6d3 c2d3
Mar del Plata,Mar del Plata,1953.??.??,18,"Najdorf, Miguel","Carvalho, Flavio",1-0,,,E35,d2d4 g8f6 c2c4 e7e6 b1c3 f8b4 d1c2 d7d5 c4d5 e6d5 c1g5 h7h6 g5h4 c7c5 d4c5 b8c6 e2e3 g7g5 h4g3 f6e4 f1d3 b4c3 b2c3 e4c5 g1f3 d8f6 e1g1 e8g8 d3h7 g8h8 f3d4 f6g7 h7f5 c5e6 a1b1 h8g8 f2f4 e6d4 c3d4 c6e7 f5d3 b7b6 f4g5 h6g5 g3d6 f7f6 c2c7 f8f7 c7d8 g7f8 d6e7 f7e7 d8f8
Mar del Plata,Mar del Plata,1953.??.??,18,"Guimard, Carlos E","Medina Garcia, Antonio Angel",1-0,,,E30,d2d4 g8f6 c2c4 e7e6 b1c3 f8b4 c1g5 h7h6 g5h4 c7c5 d4d5 b7b5 a1c1 b5c4 e2e4 g7g5 h4g3 f6e4 f1c4 d8f6 g1e2 e6e5 e1g1 b4c3 e2c3 e4c3 c1c3 d7d6 b2b4 c5b4 c4b5 c8d7 g3e5 d6e5 c3c8 e8e7 d5d6 f6d6 d1d6 e7d6 f1d1 d6e7 c8h8 d7b5 d1d8 a7a6 f2f3 a8a7 d8b8 a7d7 b8e8 e7f6 e8d8 d7c7 h8h6 f6e7 d8d2 c7c3 h6b6 f7f5 d2d5 c3c1 g1f2 c1c2 f2g3 b5f1 d5e5 e7d7 f3f4 c2g2 g3f3 g5g4 f3e3 g2h2 e5f5 g4g3 f5f7 d7c8 b6g6 h2h8 g6g3 f1c4 f7f6 c4a2 f6a6 a2d5 e3d4
Mar del Plata,Mar del Plata,1953.??.??,18,"Ojanen, Kaarle Sakari","Steiner, Herman",1/2-1/2,,,E59,d2d4 g8f6 c2c4 e7e6 b1c3 f8b4 e2e3 e8g8 g1f3 d7d5 a2a3 b4c3 b2c3 c7c5 f1d3 d5c4 d3c4 d8c7 c4e2 b8c6 e1g1 f8d8 d1c2 e6e5 c1b2 e5e4 f3d2 c8f5 d2b3 c5d4 c3d4 a8c8 f1c1 f5g4 d4d5 d8d5 b2f6 g4e2 c2e2 g7f6 e2g4 g8h8 g4e4 c7e5 e4f3 c8d8 h2h3 e5d6 f3e4 d8g8 c1c2 a7a5 a1c1 f6f5 e4c4 f7f6 f2f4 d5d3 c2c3 d3d5 c3c2 d5d3 c2c3 d3d5 c1c2 d5d1 g1h2 d6a3 c4f7 a3d6 f7b7 c6d8 b7a7 d8e6 c3c8 e6f8 a7f7 a5a4 b3d4 d1d4 e3d4
Mar del Plata,Mar del Plata,1953.??.??,18,"Maderna, Carlos","Bolbochan, Jacobo",0-1,,,E17,c2c4 g8f6 g1f3 b7b6 d2d4 e7e6 g2g3 c8b7 f1g2 f8e7 e1g1 e8g8 b2b3 c7c5 d4c5 b6c5 b1c3 b8c6 c1b2 d7d6 a1c1 a7a6 c1c2 d8c7 c2d2 f8d8 d1a1 a8b8 f1d1 b7a8 f3g5 h7h6 g5e4 f6e8 g3g4 c6e5 h2h3 e5g6 e2e3 a8c6 f2f4 g6h4 g2h1 c7b7 g4g5 h6g5 f4g5 e7g5 e4g5 c6h1 d1f1 h4f3 f1f3 h1f3 a1b1 f7f5 d2f2 f3c6 g5e6 d8d7 f2f5 d7f7 e6g5 b7e7 g5f7 e7e3 g1f1 e3h3 f1e1 b8b7 f7g5 b7e7 c3e2 h3h1 f5f1 h1h4 f1f2 h4g5 b1f5 g5f5 f2f5 c6e4 f5f2 e4d3 e1d2 d3e2 f2e2 e7e2 d2e2 g8f7 e2f3 g7g6 f3e4 f7e6 b2a3 g6g5 b3b4 e8f6 e4e3 f6g4 e3e2 c5b4 a3b4 g4e5 c4c5 d6d5 b4c3 e5c6 e2e3 d5d4 c3d4 c6d4 e3d4 e6d7
Mar del Plata,Mar del Plata,1953.??.??,18,"Gligoric, Svetozar","Letelier, Rene",1/2-1/2,,,D54,d2d4 g8f6 c2c4 e7e6 b1c3 d7d5 c1g5 f8e7 e2e3 e8g8 a1c1 b7b6 c4d5 e6d5 f1d3 c8b7 g1f3 f6e4 g5f4 e4c3 b2c3 b8d7 e1g1 c7c5 d1c2 g7g6 a2a4 f8e8 c2b2 c5c4 d3c2 b7c6 c1e1 e7f8 f3d2 f7f5 f2f3 d8h4 b2c1 a7a6 f4g3 h4h6 e3e4 f5f4 g3f2 b6b5 e4d5 c6d5 e1e8 a8e8 a4b5 a6b5 d2e4 e8b8
Mar del Plata,Mar del Plata,1953.??.??,18,"Eliskases, Erich Gottlieb","Pilnik, Herman",0-1,,,B91,e2e4 c7c5 g1f3 d7d6 d2d4 c5d4 f3d4 g8f6 b1c3 a7a6 g2g3 e7e5 d4e2 f8e7 a2a4 b8c6 f1g2 e8g8 e1g1 c6b4 h2h3 c8e6 f2f4 d8c8 f4f5 e6c4 g3g4 h7h6 g4g5 h6g5 c1g5 f8d8 d1d2 d6d5 e4d5 f6d5 c3d5 c4d5 d2c3 d5g2 g1g2 b4d5 c3c8 a8c8 g5e7 d5e7 e2g3 c8c2 f1f2 d8d2 f2d2 c2d2 g2f3 d2b2 a1d1 b2b3 f3g2 f7f6 d1d7 g8f8 h3h4 f8e8 d7c7 e8d8 c7c4 e7d5 g2f2 d5f4 g3e4 b7b5 a4b5 a6b5 c4c6 b5b4 c6a6 b3a3 a6b6 d8c7 b6b5 f4d3 f2e2 c7c6 b5b8 d3f4 e2d2 a3a2 d2d1 f4d5 h4h5 a2h2 b8c8 c6d7 c8b8 d5c3 e4c3 b4c3 b8b7 d7d6 b7g7 e5e4 g7g3 c3c2 d1c1 d6e5 g3c3 e5f5 c3c2 h2c2 c1c2 f5g5
Mar del Plata,Mar del Plata,1953.??.??,18,"Bolbochan, Julio","Shocron, Ruben",1-0,,,E05,d2d4 g8f6 c2c4 e7e6 g2g3 d7d5 f1g2 b8d7 g1f3 d5c4 e1g1 f8e7 b1d2 e8g8 d2c4 f6d5 d1b3 a7a5 f1d1 a5a4 b3c2 d5b4 c2b1 b7b5 c4e5 d7e5 f3e5 a8a6 a2a3 b4d5 e2e4 d5f6 b1d3 d8e8 c1e3 c8b7 f2f3 b7a8 a1c1 e8b8 d3c3 f8c8 e5d3 a6d6 c3a5 f6e8 a5e1 d6d8 d3c5 e8d6 e3f2 d6c4 e1b4 d8d6 g2f1 d6b6 b2b3 a4b3 b4b3 a8c6 a3a4 c4d6 a4a5
Mar del Plata,Mar del Plata,1953.??.??,18,"Burgalat, Francisco","Cuellar Gacharna, Miguel",0-1,,,D78,d2d4 g8f6 c2c4 g7g6 g2g3 f8g7 f1g2 d7d5 b1c3 c7c6 g1f3 e8g8 e1g1 d5c4 d1c2 b8a6 f1d1 a6b4 c2b1 f6d5 e2e4 d5c3 b2c3 b4d3 c1e3 d8a5 b1c2 a5h5 f3d2 b7b5 f2f4 h5e2
Mar del Plata,Mar del Plata,1953.??.??,19,"Carvalho, Flavio","Guimard, Carlos E",0-1,,,C10,e2e4 e7e6 d2d4 d7d5 b1d2 d5e4 d2e4 g8f6 e4f6 g7f6 g1f3 b7b6 f1b5 c7c6 b5d3 c8b7 d1e2 b8d7 e1g1 d8c7 c1d2 f8d6 a2a4 d7f8 a4a5 f8g6 a5b6 a7b6 a1a8 b7a8 f1a1 e8g8 d3g6 h7g6 d2h6 f8e8 e2e4 a8b7 e4h4 d6e7 h6f4 c7d7 c2c3 c6c5 f4e3 d7b5 d4c5 b5b2 a1e1 b7f3 g2f3 b6c5 h4c4 b2b7 g1g2 g8g7 c4e4 e8b8 e1d1 g6g5 c3c4 b7e4 f3e4 b8b4 d1c1 g7g6 f2f3 b4b2 e3f2 f6f5 h2h3 e7d6 c1d1 d6f4 e4f5 g6f5 g2f1 b2b3 f1g2 b3b2 g2f1 b2c2 f2c5 c2c4 c5f2 c4c3 f1g2 c3c2 d1d3 e6e5 g2f1 c2a2 d3b3 f4d2 b3b7 f7f6 b7b6 d2c3 b6d6 e5e4 d6c6 c3e5 f3e4 f5e4 h3h4 e4f3 f2e1 g5h4 e1h4 a2h2
Mar del Plata,Mar del Plata,1953.??.??,19,"Bolbochan, Jacobo","Burgalat, Francisco",1/2-1/2,,,E69,d2d4 g8f6 c2c4 g7g6 g2g3 f8g7 f1g2 e8g8 g1f3 d7d6 e1g1 b8d7 b1c3 e7e5 e2e4 c7c6 f1e1 f8e8 h2h3 e5d4 f3d4 d7c5 c1f4 f6h5 f4e3 d8c7 d1c2 c8d7 a1d1 a8d8 g3g4 h5f6 f2f3 d7c8 c2f2 f6d7 e3g5 f7f6 g5e3 d7e5 g2f1 b7b6 b2b4 c5e6 f3f4 e5f7 b4b5 e6d4 e3d4 c8b7 b5c6 b7c6 c3d5 c6d5 c4d5 d8b8 d1c1 c7e7 f1a6 g6g5 f4f5 f7e5 c1c3 e7d8 a6b5 e5d7 f2c2 e8e7 b5d7 d8d7 g1g2 g8f7 e1c1 b8e8 c3c7 d7c7 c2c7 e7c7 c1c7 e8e7 c7e7 f7e7 g2f3 e7d7 f3e3 d7c7 e3d3 c7b7 d3c4 g7h8 d4b2 a7a6 a2a4 h8g7 b2a3 b7c7 a3b4 c7d7 b4e1 g7f8 e1f2 d7c7 c4c3 f8e7 c3b4 e7d8 f2e3 c7d7 b4b3 d7c8 e3d4 c8d7
Mar del Plata,Mar del Plata,1953.??.??,19,"Shocron, Ruben","Eliskases, Erich Gottlieb",1/2-1/2,,,A07,g1f3 d7d5 g2g3 g7g6 f1g2 f8g7 e1g1 e7e5 d2d3 g8e7 b1d2 h7h6 e2e4 d5e4 d2e4 b8c6 f1e1 g6g5 f3d2 e8g8 a2a4 f7f5 e4c5 b7b6 c5b3 c8e6 a4a5 e6d5 g2d5 d8d5 d1f3 d5f3 d2f3 e7g6 g1g2 c6b4 e1e2 c7c5 f3e1 g5g4 c1d2 b4c6 h2h3 h6h5 h3g4 h5g4 c2c3 g7f6 e1c2 g8f7 c2e3 c6e7 e3c4 e7d5 c4d6 f7e6 d6b5 e6d7 a1h1 f8h8 h1h8 a8h8 c3c4 d5b4 d2b4 c5b4 b5a7 b6a5 b3a5 h8a8 a5c6 f6e7 c6e7 g6e7 a7b5 e7c6 d3d4 e5d4 e2d2 a8a2 b5d4 c6d4 d2d4 d7c6 b2b3 a2c2 d4d3 c2c3 d3e3 c6c5 g2f1 c3c1 e3e1 c1c3 e1e3 c3c1 e3e1 c1c3 e1e5 c5d6 e5e3 c3c1 f1e2 c1c2 e2e1 c2b2
Mar del Plata,Mar del Plata,1953.??.??,19,"Medina Garcia, Antonio Angel","Wexler, Bernardo",1/2-1/2,,,B93,e2e4 c7c5 g1f3 d7d6 d2d4 c5d4 f3d4 g8f6 b1c3 a7a6 f2f4 e7e5 d4f3 b8d7 f1c4 f8e7 a2a4 e8g8 e1g1 a8b8 d1e2 d8c7 g1h1 d7c5 f4f5 c8d7 c1g5 d7c6 g5f6 e7f6 c3d5 c6d5 c4d5
Mar del Plata,Mar del Plata,1953.??.??,19,"Letelier, Rene","Ojanen, Kaarle Sakari",1/2-1/2,,,A40,d2d4
Mar del Plata,Mar del Plata,1953.??.??,19,"Cuellar Gacharna, Miguel","Jauregui Andrade, Carlos",1/2-1/2,,,E69,d2d4 g8f6 c2c4 g7g6 g2g3 f8g7 f1g2 e8g8 b1c3 d7d6 g1f3 b8d7 e1g1 e7e5 h2h3 c7c6 e2e4 d8a5 c1e3 e5d4 e3d4 d7c5 d1c2 a5b4 b2b3 a7a5 a1c1 f8e8 f1e1 f6d7 d4g7 g8g7 c2d2 d7e5 e1e3 c8e6 d2d6 e5f3 e3f3 a8d8 d6f4 g7g8 g2f1 d8d4 f4e3 e8d8 c3d5 b4d2 d5f6 g8g7 e4e5 d2e3 f3e3 d4d2 c1a1 d2b2 e3e2 d8d2 e2d2 b2d2 g3g4 g6g5 g1g2 a5a4 b3a4 d2c2 a1d1 e6c4 f1c4 c2c4 d1d8 c4a4 d8g8 g7h6 f6h5 c5e6 h5g3 e6g7 g8d8 a4a2 d8d7 h6g6 d7b7 a2a5 b7c7 a5e5 c7c6 e5e6 c6c5 e6e1 c5c8 e1e8 c8c1 f7f6 c1c6 e8e6 c6c7 h7h5 c7c5 h5g4 h3g4 e6a6 c5c8 a6a4
Mar del Plata,Mar del Plata,1953.??.??,19,"Pilnik, Herman","Gligoric, Svetozar",1/2-1/2,,,B59,e2e4 c7c5 g1f3 b8c6 d2d4 c5d4 f3d4 g8f6 b1c3 d7d6 f1e2 e7e5 d4b3 f8e7 e1g1 c8e6 c1e3 e8g8 e2f3 c6a5 b3a5 d8a5 d1d2 f8c8 a2a3 a5c7 f1d1 a7a6 a3a4 c7c4 e3g5 c4b4 g5f6 e7f6 c3d5 b4d2 d5f6 g7f6 d1d2 g8f8 a4a5 c8c6 b2b3 c6c3 f3e2 f8e7 a1a4 a8c8 a4b4 c8c7 f2f3 f6f5 e2d3 f5f4 g2g3 c3c5 b4a4 e6d7 a4a1 c5c3 g3f4 e5f4
Mar del Plata,Mar del Plata,1953.??.??,19,"Rossetto, Hector","Najdorf, Miguel",1/2-1/2,,,D75,c2c4 g8f6 b1c3 g7g6 g2g3 f8g7 f1g2 e8g8 g1f3 d7d5 c4d5 f6d5 d2d4 c7c5 e1g1 d5c3 b2c3 b8c6 c1e3 c5d4 c3d4 c8e6 d1d2 e6d5 f1d1 d8a5 d2a5 c6a5 f3e5 d5g2 g1g2 f8c8 a1c1 g8f8 g3g4
Mar del Plata,Mar del Plata,1953.??.??,19,"Steiner, Herman","Maderna, Carlos",1-0,,,D63,d2d4 g8f6 c2c4 e7e6 b1c3 d7d5 c1g5 f8e7 e2e3 b8d7 g1f3 e8g8 a1c1 c7c6 a2a3 h7h6 g5h4 a7a6 h2h3 f6e4 h4e7 d8e7 d1c2 e4d6 c4d5 e6d5 f1d3 d7f6 e1g1 g7g6 f3e5 c8f5 f2f3 f5d3 c2d3 a8d8 c3e2 d6f5 g2g4 f5g7 e2g3 f6d7 f3f4 h6h5 g4h5 e7h4 g1h2 g7h5 g3h5 h4h5 f1g1 d7e5 d4e5 f8e8 g1g5 h5h4 c1g1 e8e6 g1g2 c6c5 d3c3 b7b6 f4f5 e6c6 e5e6 d5d4 c3c4 b6b5 e6e7
Mar del Plata,Mar del Plata,1953.??.??,19,"Trifunovic, Petar","Bolbochan, Julio",1/2-1/2,,,D67,d2d4 g8f6 c2c4 e7e6 b1c3 d7d5 c1g5 f8e7 e2e3 e8g8 a1c1 b8d7 g1f3 c7c6 f1d3 d5c4 d3c4 f6d5 g5e7 d8e7 c3e4 e7b4 d1d2 b4d2 e1d2 d5f6 e4d6 f6d5 d6e4 d7f6 e4f6 d5f6 f3e5 f8d8 d2e2 c8d7 h1d1 d7e8 f2f3 g8f8 a2a3 f8e7 c4d3 f6d7 e5c4 f7f6 b2b4 a7a6 c4a5 a8b8 e3e4 d7b6 e2e3 d8c8 d1d2 c8c7 d3e2 b8d8 e2d1 c7d7 d1b3 b6c8 a5c4 e8f7 c1d1 e7f8 g2g4 e6e5 d4e5 d7d2 d1d2 d8d2 c4d2 f6e5 f3f4 e5f4 e3f4 c8b6 b3f7 f8f7 f4e5 f7e7 e5d4 b6d7 d2c4 b7b6 c4e5 d7b8 a3a4 e7e6 e5d3 g7g5 a4a5 c6c5 d4c4 b6a5 b4c5 b8c6 c4b3 h7h6 b3a4 e6f6 a4a3 f6e6 a3b3 e6f6 h2h3 f6e6 b3a3 e6f6 a3a4 f6e6 a4b3 e6f6 b3c3 f6e6
